3  6
4  104
5  116
6  30
7  341
8  31
9  390
10  105
11  408
12  885
13  891
14  892
15  409
16  912
17  913
18  914
19  32
20  915
21  949
22  952
23  33
24  958
25  29
26  1093
27  1194
28  7
29  34
30  0
31  1341
32  342
33  35
34  125
35  36
36  350
37  1088
38  106
39  8
40  1092
41  1095
42  1096
43  1101
44  1102
45  1113
46  1114
47  1117
48  1132
49  351
50  37
51  1133
52  1134
53  1135
54  9
55  38
56  107
57  1169
58  1170
59  1173
60  1189
61  117
62  1191
63  1205
64  1206
65  1207
66  1208
67  1243
68  1362
71  1262
72  410
73  1232
74  1697
75  39
76  1233
77  1238
78  1234
79  1236
80  40
81  1239
82  1324
83  1241
84  1244
85  1245
86  41
87  1272
88  1315
89  118
90  1321
91  1242
92  1323
93  119
94  42
95  411
96  1338
98  1340
99  1325
100  1339
101  1928
102  1342
103  1344
104  1359
105  343
106  1360
107  1456
108  10
109  1457
110  1527
111  1531
112  1533
113  1577
114  1583
115  1357
116  1358
117  1453
118  1454
119  1455
120  1532
121  1534
122  1535
123  1581
124  1582
125  1742
126  1584
127  43
128  1598
129  1605
130  108
132  126
133  1606
134  1607
135  127
136  1608
137  1634
138  1635
139  1636
140  109
141  1637
142  1638
143  1639
144  352
145  1642
146  1645
147  110
149  1648
150  353
151  111
152  11
153  120
154  44
155  1649
156  1662
157  1663
158  1665
159  1666
160  1667
161  1668
162  1671
163  121
164  2122
165  1673
166  1706
167  122
168  123
169  1771
171  128
172  1675
173  1687
174  1696
175  124
176  1698
177  1699
178  12
179  1703
180  1704
181  1705
182  13
183  129
185  1717
187  1719
188  1720
189  1722
190  1724
191  1730
192  45
193  1912
194  1718
195  1726
196  1723
197  1725
198  1727
199  1728
200  1731
201  1732
202  1733
203  1734
204  412
205  1736
206  1737
207  1738
208  1739
209  1740
210  1741
211  2008
212  4110
213  4763
214  14
215  1743
216  130
217  1749
218  2175
219  131
221  1750
222  1751
223  1752
224  46
225  1754
226  47
227  132
228  133
230  413
231  1760
232  112
233  1762
234  1763
235  1764
236  134
237  1765
238  1769
239  1770
240  1755
241  1798
242  1756
243  113
244  1757
245  1758
246  48
247  1759
248  1768
249  1820
250  135
251  1878
252  49
253  1772
254  1773
255  50
256  1775
257  51
258  136
259  137
260  1776
261  52
263  1781
264  1784
265  1785
266  1788
267  1789
268  1790
269  1791
270  1792
271  15
273  53
274  138
275  1796
276  1794
277  1795
280  54
282  55
283  1800
284  1801
285  139
286  16
287  1802
288  1803
289  1804
290  140
291  1805
292  1811
293  1812
294  1810
295  1813
296  1814
297  1815
298  141
299  56
300  17
301  142
302  57
303  1821
304  143
305  1856
306  58
307  1832
308  59
309  1834
310  60
311  959
312  1853
313  414
314  1688
315  1854
316  1855
317  144
318  1857
319  145
320  1833
321  916
322  61
323  1874
324  893
325  62
326  1875
327  1877
328  1879
329  1872
330  1873
331  1876
332  415
333  1880
334  416
335  1881
336  1887
337  1890
338  417
339  63
340  1891
341  114
342  1895
343  1896
344  1897
345  1899
346  1585
347  3132
348  18
349  19
350  418
351  1907
352  1909
353  1910
355  1908
356  64
357  1911
358  65
359  146
362  147
363  66
364  1913
365  1914
366  1915
367  1917
368  894
369  1916
370  67
371  20
372  419
373  68
374  1921
375  1922
376  1923
377  69
378  148
379  70
381  1925
382  1926
383  1929
384  1931
386  1924
387  1927
388  5914
389  354
390  149
391  150
392  151
393  1932
394  152
395  1933
396  153
397  1941
398  1942
399  1944
400  1945
401  1946
402  154
403  1536
404  1947
405  155
406  156
407  71
408  1957
409  1958
410  1959
411  1960
412  1996
413  1961
414  1962
415  72
416  1963
417  901
418  1964
419  1094
421  157
422  73
423  1965
424  1966
425  917
426  1986
427  158
428  74
429  420
430  1987
431  159
432  160
433  161
434  1992
435  162
436  1993
437  1994
438  1995
439  75
440  163
441  1997
443  1998
444  2000
445  2152
446  2006
447  164
448  2002
449  2003
450  2007
451  2001
453  2009
454  2010
455  2011
456  2012
457  2013
458  2113
460  2114
461  2115
462  2116
463  2117
465  421
467  2120
468  2121
469  2501
472  2123
473  2129
476  2124
477  895
479  2125
480  2126
481  2127
486  2128
488  76
489  2130
490  2131
492  2132
493  2133
494  2134
495  2227
497  2135
498  2136
499  2137
501  2138
502  2139
504  2140
506  355
507  2141
509  2144
511  2143
513  2142
514  77
515  1167
516  2145
517  391
519  2146
520  2147
521  2149
522  2150
523  2151
524  344
525  2148
527  2153
528  2154
529  2157
530  2156
531  2155
532  4070
534  2158
536  2159
538  165
539  2160
540  2161
541  2162
542  2163
543  2164
544  2165
545  78
546  2167
547  2176
548  2177
549  79
550  2178
551  2174
552  2179
553  2180
554  2181
555  2182
556  2183
557  2184
558  2185
559  392
560  80
561  2186
562  2187
563  2188
564  166
565  2189
566  167
567  21
568  2190
569  2191
570  2192
571  2193
572  2194
573  2195
574  2196
575  422
576  2197
577  2198
578  2199
579  168
580  2200
581  22
582  2205
583  2204
584  23
585  2209
586  24
587  356
588  2210
589  169
590  25
591  2211
592  81
593  2213
594  2215
595  2212
596  2214
597  2216
598  2217
599  2218
600  82
601  953
602  2221
604  26
605  2222
606  115
607  357
608  423
609  170
610  2223
611  27
612  2224
613  171
614  2225
615  2226
616  172
617  173
618  1988
619  174
620  2228
621  2230
622  358
624  359
625  2231
626  393
627  360
628  361
631  362
632  2232
633  960
634  2234
635  2241
636  363
637  364
638  2242
639  2261
640  2243
641  2244
642  2245
643  175
644  424
645  83
646  2240
647  425
648  2246
649  2247
650  84
651  2250
652  2252
653  2253
654  2254
655  2251
656  176
657  365
658  366
659  85
661  2255
662  2256
663  886
664  86
665  177
666  2260
667  87
668  178
669  2262
670  954
672  2263
673  88
674  367
675  89
676  2265
677  368
678  2266
679  3106
681  369
682  1161
683  2267
684  426
686  1578
687  370
688  2268
689  2269
690  2270
691  179
692  2271
693  2272
694  180
695  2273
696  90
697  887
698  3275
699  2275
700  181
701  2276
703  2277
704  182
705  427
706  91
707  428
708  2279
709  2281
710  429
711  2283
712  2284
713  2285
714  1162
715  371
716  2286
717  183
718  2287
719  372
720  2289
721  2290
722  430
723  92
724  2304
725  373
726  2305
727  2306
728  2307
729  2308
730  184
731  2309
732  2310
733  185
734  2354
735  2355
736  2409
737  902
738  2352
739  93
741  186
742  961
743  404
744  431
745  2361
746  405
748  406
749  374
750  407
751  2365
752  2367
753  2368
754  2366
755  2369
756  94
758  2370
759  2371
760  375
761  187
762  432
763  433
764  434
765  188
766  2374
767  2403
768  2404
769  962
770  2405
771  435
772  2406
773  2407
774  2408
775  2410
776  2411
778  376
779  189
780  2417
781  2418
782  2419
783  2420
784  1163
785  2424
786  2412
787  2523
788  2413
789  190
791  191
792  2425
793  436
794  950
795  1164
796  2427
797  896
798  192
799  2428
800  2429
801  2430
802  193
803  437
804  2431
805  438
806  377
807  2432
808  2433
810  378
811  2434
812  2435
813  194
814  2438
815  2439
816  2440
817  379
818  2443
819  2441
820  195
821  2442
822  380
823  1097
824  2445
825  439
826  196
827  1786
829  440
830  2459
831  2461
832  2460
835  2462
836  441
837  442
838  443
839  444
840  1149
841  2463
842  2465
843  2466
844  381
845  2467
847  2468
848  2469
849  445
850  6051
851  2470
852  2476
853  446
854  2471
855  2474
856  963
857  95
859  447
860  2478
861  918
862  2479
863  197
864  96
865  2480
866  382
867  2481
868  383
869  2482
870  2483
871  198
872  2613
873  448
874  2486
875  384
876  2487
877  2488
878  385
879  2489
880  2493
881  199
882  386
883  2494
885  200
886  2495
887  449
888  2496
889  2497
890  2498
891  2499
892  2500
893  97
895  201
896  919
897  202
898  2502
899  3616
900  2503
902  2505
903  1823
904  203
905  2507
906  204
907  205
908  450
909  2508
910  2511
911  2512
912  2513
913  206
914  2514
915  2516
916  2517
917  2518
918  394
919  2519
920  2520
921  2521
922  207
923  2515
924  2522
926  2525
927  2524
928  1174
929  451
930  1237
931  2526
932  208
933  2541
934  452
935  453
936  209
937  454
938  387
940  2527
941  455
942  456
943  457
944  2528
945  458
946  459
947  460
948  1689
949  2532
950  2533
951  2534
954  2535
955  210
956  461
957  2536
958  462
959  98
960  211
961  2537
962  2539
963  212
964  2540
965  2538
966  213
967  1858
968  463
969  2542
970  2543
971  214
972  215
973  2544
974  903
975  464
976  2546
977  388
978  216
979  217
980  2547
981  920
982  395
983  218
984  2548
985  465
986  2549
987  2559
988  2550
989  466
990  2560
991  219
992  2561
993  220
994  99
995  221
996  2564
998  2566
999  467
1000  468
1001  2570
1002  2571
1003  2572
1004  2573
1005  2567
1006  469
1007  222
1008  2574
1009  2581
1010  2972
1011  2575
1012  470
1013  2577
1014  223
1016  2578
1017  2579
1018  471
1019  2580
1020  1165
1021  2582
1022  224
1023  1050
1024  1098
1025  2583
1026  225
1027  2584
1028  2585
1029  955
1030  1046
1031  472
1032  226
1033  2586
1034  473
1035  227
1037  2587
1038  1051
1039  956
1040  2588
1041  2589
1042  2594
1043  228
1044  921
1045  2595
1046  2596
1047  2597
1048  2598
1049  396
1050  2599
1051  2601
1052  2600
1053  897
1055  229
1058  2602
1059  2603
1060  2604
1061  474
1062  230
1063  2605
1064  2606
1065  2608
1066  2609
1067  2607
1068  2690
1070  2610
1071  2611
1072  2612
1074  1458
1075  475
1077  1047
1078  2619
1079  2620
1080  476
1081  2621
1082  2622
1083  2623
1084  2618
1085  2624
1086  2625
1087  2627
1088  2628
1089  2626
1090  2711
1092  389
1093  2629
1094  2630
1095  2631
1096  2632
1097  477
1098  2634
1099  2647
1100  964
1101  2651
1102  2658
1103  397
1104  2648
1105  2649
1106  2650
1107  2652
1108  2653
1109  2654
1110  2655
1111  478
1112  2656
1113  2657
1114  1664
1115  2659
1120  2660
1123  898
1124  479
1125  231
1126  2661
1127  480
1128  481
1129  2662
1130  2663
1131  100
1132  2664
1133  2665
1134  2682
1135  2683
1137  482
1138  2686
1139  2687
1140  1646
1141  1647
1142  2688
1143  2689
1144  232
1145  2691
1146  2692
1147  2693
1148  2694
1150  2695
1151  483
1152  233
1154  484
1155  2696
1156  234
1157  1240
1158  2697
1159  1363
1160  235
1161  2698
1164  485
1165  486
1166  1052
1167  236
1168  237
1169  2707
1170  2708
1171  2710
1172  2712
1173  2713
1174  2714
1175  2715
1176  2718
1177  2704
1178  2705
1179  2706
1180  2709
1181  3606
1182  2716
1183  2717
1184  2882
1185  487
1186  488
1187  2719
1188  2720
1189  2721
1190  345
1191  489
1192  1235
1193  346
1194  2723
1195  2724
1196  490
1197  2725
1198  2726
1199  491
1200  492
1201  493
1202  2728
1203  494
1204  2729
1205  2730
1206  2731
1207  2732
1208  2733
1209  2734
1210  2735
1211  495
1212  2736
1213  2737
1214  2738
1215  2739
1216  2740
1218  238
1219  2741
1220  239
1221  240
1222  241
1223  2742
1224  2743
1225  2744
1226  2745
1227  2746
1228  2747
1229  2748
1230  496
1231  2749
1232  1343
1233  2750
1234  242
1235  2751
1236  1118
1237  2752
1238  2753
1239  497
1240  1669
1241  243
1242  2754
1243  498
1244  2755
1245  2756
1246  2757
1247  1537
1248  244
1250  499
1252  2759
1253  245
1254  2760
1255  2761
1256  2762
1257  2763
1258  2764
1259  500
1260  501
1261  246
1262  2765
1264  2766
1266  1892
1267  965
1268  2767
1269  2768
1270  1316
1271  2769
1272  2770
1273  2771
1274  2772
1275  2773
1276  2775
1277  1824
1278  2774
1279  502
1280  2776
1281  2777
1282  503
1284  504
1285  505
1286  506
1287  1774
1290  2779
1291  1538
1292  2780
1293  2781
1294  2782
1295  2783
1296  507
1297  247
1298  2784
1299  2785
1300  1119
1301  2786
1302  2787
1303  2788
1304  2789
1305  508
1306  2793
1307  509
1308  2795
1309  2796
1310  510
1311  2798
1312  2799
1313  2797
1314  2800
1315  966
1316  2801
1317  2802
1318  2803
1319  511
1320  2805
1321  248
1322  512
1323  2504
1324  2806
1325  2809
1326  249
1327  2807
1328  2808
1329  2810
1330  513
1331  2811
1332  2812
1333  2813
1334  2814
1335  2815
1336  2816
1337  2817
1338  2818
1339  2819
1340  2820
1341  2821
1342  2822
1343  2823
1344  2824
1345  2825
1346  2826
1349  2827
1350  2828
1351  2829
1352  922
1353  514
1354  2831
1355  2832
1356  2834
1357  967
1358  2836
1359  2830
1360  515
1361  2833
1362  2835
1365  2837
1366  2838
1367  2839
1368  2840
1369  2842
1370  2843
1372  516
1373  2844
1374  517
1375  518
1376  2846
1377  250
1378  519
1379  2847
1380  2848
1381  2849
1382  520
1383  2850
1384  398
1385  521
1386  2851
1387  2852
1388  2853
1389  251
1390  252
1391  2854
1392  2855
1393  1539
1394  253
1395  2856
1396  254
1397  2857
1398  2858
1399  2859
1400  2860
1401  2861
1402  522
1403  2235
1404  2862
1405  2863
1406  2864
1407  523
1408  2865
1409  2866
1410  2867
1411  524
1412  1
1413  525
1416  968
1418  526
1419  969
1420  527
1421  2868
1422  2869
1423  2870
1424  2871
1425  347
1426  2872
1427  2873
1428  255
1429  2876
1430  2877
1431  2878
1432  1166
1433  2879
1434  2880
1435  528
1436  2881
1437  529
1438  2884
1439  256
1440  2885
1441  257
1442  258
1443  2886
1444  530
1445  2887
1446  259
1447  2888
1448  2889
1449  2890
1450  2891
1451  2892
1452  2893
1453  260
1454  2894
1455  2895
1456  2896
1457  2897
1458  2898
1459  2899
1460  2900
1461  2901
1462  2902
1463  2903
1464  261
1465  262
1466  2904
1467  2905
1468  263
1469  2906
1470  2907
1471  264
1472  265
1473  970
1474  2911
1476  266
1478  267
1480  2912
1481  2913
1482  531
1483  2914
1484  268
1485  269
1486  532
1487  270
1488  2915
1489  271
1490  272
1492  533
1493  1609
1494  2916
1495  2917
1496  534
1497  273
1498  1326
1499  2919
1500  2920
1501  274
1502  2921
1503  2922
1504  2923
1505  2924
1506  275
1507  276
1509  4074
1510  2926
1511  2925
1512  2927
1513  277
1514  278
1515  2928
1516  2929
1517  2930
1518  279
1519  2931
1520  535
1521  536
1522  2932
1523  2935
1524  280
1525  281
1526  2937
1527  2936
1528  2938
1529  4131
1530  2996
1531  282
1532  283
1533  284
1534  537
1535  2939
1536  2940
1537  1690
1538  285
1539  2941
1540  2942
1541  2943
1542  538
1543  2944
1545  2945
1546  2946
1547  539
1548  971
1549  286
1550  540
1551  2958
1552  2951
1553  2952
1554  2959
1555  287
1556  288
1557  289
1558  2960
1559  2961
1560  2962
1561  3455
1563  290
1564  1120
1565  541
1566  542
1568  2964
1569  291
1570  2965
1571  1676
1572  2966
1573  292
1574  2967
1575  2968
1576  2969
1578  2970
1579  2971
1580  399
1581  2910
1582  2973
1583  543
1584  2974
1585  544
1587  293
1588  2975
1589  2976
1590  2977
1591  2978
1592  545
1593  957
1594  2979
1595  1175
1596  1322
1597  294
1599  2980
1600  2014
1601  2981
1602  2982
1603  1121
1604  923
1605  2983
1606  2984
1607  2985
1608  546
1609  2986
1610  295
1611  2987
1612  1317
1613  547
1614  2992
1615  2993
1616  2994
1617  2995
1618  400
1619  296
1620  2997
1621  548
1622  549
1623  2998
1625  2999
1626  3001
1627  3000
1628  550
1629  551
1630  3002
1631  3003
1632  3004
1633  552
1634  3005
1635  3006
1636  1263
1637  553
1638  554
1639  3007
1641  297
1642  3008
1643  3009
1644  3010
1645  3011
1646  555
1647  3027
1648  298
1649  556
1650  3012
1651  3013
1652  299
1653  557
1654  300
1655  3014
1656  3015
1657  301
1658  558
1659  3017
1660  3018
1661  559
1662  302
1663  3019
1664  2684
1665  3020
1666  3021
1667  3022
1668  3024
1669  303
1670  3025
1671  3026
1672  560
1674  3028
1675  3029
1676  3030
1677  3031
1678  1640
1679  304
1680  561
1681  3033
1682  3034
1683  3035
1684  3037
1685  3036
1686  3038
1687  562
1688  563
1689  305
1690  3039
1691  3040
1692  306
1693  3041
1694  3043
1695  3044
1696  3045
1697  564
1698  3047
1699  3048
1700  565
1701  307
1703  3051
1704  3052
1705  972
1706  566
1707  567
1708  3053
1709  3054
1710  3055
1711  3050
1712  3056
1713  3057
1714  568
1715  3058
1716  308
1717  401
1718  309
1719  3059
1720  3060
1721  3061
1722  3062
1723  973
1724  3063
1725  3064
1726  569
1728  3065
1729  570
1730  571
1731  3066
1732  572
1733  1700
1734  974
1735  3067
1736  3068
1737  3069
1738  3072
1739  3073
1740  3071
1741  3074
1742  3075
1743  3076
1744  1136
1745  3077
1746  573
1747  574
1748  3078
1749  575
1751  3100
1752  310
1753  3081
1754  975
1755  3082
1756  3083
1757  576
1758  311
1759  3095
1760  3084
1761  3085
1762  3086
1763  3087
1764  3088
1765  3089
1766  3090
1767  3091
1768  312
1769  577
1770  2472
1771  578
1772  579
1773  3096
1774  313
1775  3097
1777  1540
1778  3098
1780  580
1781  976
1782  3099
1783  314
1784  3101
1785  3102
1787  315
1788  316
1789  3103
1790  3104
1791  581
1792  1364
1793  1753
1794  3240
1795  3105
1796  3107
1797  3108
1798  317
1799  1701
1800  3110
1802  582
1803  3111
1804  3112
1805  583
1806  3113
1807  3114
1808  977
1809  3118
1810  3119
1811  584
1812  3120
1813  3121
1814  978
1816  585
1819  2278
1820  3125
1821  3126
1822  3128
1823  2311
1825  3129
1826  3130
1827  3131
1828  3133
1829  3134
1830  3136
1831  3137
1832  3138
1833  1822
1834  3139
1835  586
1836  587
1837  979
1838  3135
1839  3140
1840  3141
1841  3142
1842  588
1844  3143
1845  3144
1846  3145
1847  589
1848  590
1849  591
1852  3148
1853  3149
1855  402
1856  3150
1857  592
1858  593
1859  594
1860  3151
1861  318
1862  3152
1863  3678
1864  319
1865  2312
1866  3153
1867  3154
1868  3155
1869  3156
1870  3157
1871  3160
1872  3161
1873  3163
1874  3158
1875  3159
1876  3162
1879  3164
1880  595
1881  3165
1882  3166
1883  3167
1884  596
1885  3168
1886  3169
1887  3170
1888  597
1889  3171
1890  3198
1891  3172
1892  3173
1893  598
1894  3174
1895  3175
1896  3176
1897  3177
1899  3178
1900  3179
1901  599
1902  3180
1903  600
1905  3181
1906  3182
1907  3183
1908  601
1909  3184
1911  3185
1912  3186
1913  3187
1914  3188
1915  1264
1916  3189
1917  3190
1918  1176
1919  348
1920  602
1921  3191
1922  3192
1923  3194
1924  3195
1925  3196
1926  3199
1927  603
1928  3197
1929  3200
1930  3201
1931  3202
1932  3204
1933  3205
1934  3207
1935  1707
1937  3203
1938  3206
1939  3208
1940  3209
1941  3210
1943  3211
1944  3212
1945  3213
1946  3214
1947  3215
1948  3217
1950  1599
1951  3218
1952  3230
1953  604
1955  1641
1956  605
1958  3219
1959  3220
1960  3221
1961  2257
1962  3222
1963  606
1964  607
1965  608
1966  403
1967  3225
1968  3226
1969  609
1970  2446
1971  2375
1972  1677
1973  610
1975  3227
1976  3228
1977  611
1978  3229
1979  612
1980  3231
1981  3232
1982  320
1983  613
1984  1541
1985  614
1986  3233
1987  615
1988  3234
1989  3235
1990  616
1991  617
1992  618
1993  3236
1994  3237
1995  3238
1996  3239
1997  619
2000  3241
2001  1365
2002  3242
2003  3998
2004  620
2005  3243
2007  621
2008  3244
2009  3245
2010  3247
2011  3248
2012  3249
2013  3250
2014  622
2015  3252
2016  899
2017  3253
2018  3254
2019  3255
2020  3256
2021  3257
2023  3259
2024  3260
2025  3261
2026  3262
2027  3263
2028  4821
2029  3265
2030  3266
2031  3267
2032  3268
2033  3269
2034  3270
2035  3271
2036  3272
2037  3273
2038  3277
2040  3246
2041  3394
2042  3251
2044  3258
2045  3264
2047  4883
2049  3278
2050  3279
2051  3280
2052  3281
2053  1273
2054  3282
2055  623
2056  3283
2057  3284
2058  3285
2059  3286
2060  624
2061  3287
2062  625
2063  3288
2064  3289
2065  3290
2066  626
2067  4414
2068  3291
2069  1600
2070  3292
2071  627
2072  1366
2073  628
2076  629
2077  3293
2079  630
2081  3294
2082  3295
2083  2529
2084  3296
2085  631
2086  3297
2087  3298
2088  3299
2089  3300
2090  3301
2091  632
2092  1192
2093  3302
2094  3539
2095  633
2096  3303
2097  634
2099  3306
2100  3305
2101  635
2102  1367
2103  3308
2104  3307
2105  3309
2106  1265
2108  3310
2109  636
2110  3311
2111  3312
2112  2473
2113  3519
2114  637
2115  3313
2116  2362
2117  638
2118  3314
2119  639
2120  1053
2121  1835
2125  3318
2126  3319
2127  3320
2128  640
2129  2666
2130  3321
2131  3322
2132  3323
2133  3324
2134  641
2135  1054
2136  3325
2137  642
2138  3326
2139  3327
2141  3328
2142  3329
2143  3330
2144  643
2145  644
2146  3332
2147  3333
2148  3334
2149  3335
2150  3336
2151  645
2152  3337
2153  3405
2155  3339
2156  3338
2157  646
2159  3340
2160  1246
2161  3341
2163  1893
2164  3342
2165  924
2167  3343
2168  647
2169  3344
2170  3345
2171  3346
2172  3347
2173  3348
2174  1177
2175  3349
2176  3350
2177  3351
2178  648
2179  3352
2180  3353
2181  649
2182  650
2183  3354
2184  3355
2185  1122
2186  3356
2187  3357
2188  3358
2189  3359
2190  3360
2191  3361
2192  3362
2193  651
2194  3363
2195  1744
2196  3364
2197  3365
2198  3366
2199  3367
2200  3368
2201  3369
2202  652
2203  3370
2204  3371
2205  653
2206  654
2209  980
2210  655
2211  1168
2212  3372
2213  3373
2214  3374
2215  3375
2216  3376
2217  3377
2218  3378
2219  3379
2221  3380
2222  3381
2223  2258
2224  3383
2225  981
2226  3384
2227  3385
2228  3386
2229  904
2230  3387
2231  1967
2232  3389
2233  2953
2234  1745
2235  3390
2236  3391
2237  656
2238  3392
2239  3393
2240  657
2241  658
2242  1746
2243  3395
2244  3049
2246  659
2247  1193
2249  3396
2250  3397
2251  1900
2252  660
2253  661
2254  3398
2255  3399
2256  1274
2257  662
2258  2201
2259  3401
2260  3402
2261  3403
2262  3404
2264  982
2265  3427
2266  3406
2267  3407
2268  3408
2269  3409
2270  3410
2272  3468
2273  663
2274  3411
2276  983
2277  2015
2278  3415
2280  3416
2281  925
2282  3417
2283  3418
2285  926
2286  3419
2287  3420
2288  3423
2289  664
2290  1586
2291  3425
2292  3426
2293  3428
2294  665
2295  3429
2296  3430
2297  1055
2298  3432
2299  3433
2300  3434
2301  3435
2302  3436
2304  3437
2305  3438
2306  3512
2307  1368
2308  3439
2309  3446
2310  3440
2311  3441
2312  3442
2313  3443
2314  3444
2315  3445
2316  3447
2317  3449
2318  3450
2319  3451
2320  3452
2321  3453
2322  1542
2323  984
2324  927
2325  1369
2326  1806
2328  666
2329  667
2330  3454
2331  3456
2332  668
2333  669
2334  3457
2335  3458
2336  3459
2337  3460
2338  1370
2339  670
2340  1601
2341  671
2342  3461
2343  3462
2344  3463
2345  672
2346  5214
2348  928
2349  3464
2350  673
2351  3465
2352  3466
2353  3467
2354  985
2355  3590
2356  1678
2357  3469
2359  3470
2360  3471
2361  3472
2362  674
2363  3473
2364  675
2365  3474
2366  1602
2367  3475
2368  3476
2369  1195
2370  3487
2371  986
2372  3488
2373  3528
2374  3489
2375  987
2376  2699
2378  1747
2379  3490
2380  3491
2381  676
2382  3492
2384  677
2385  678
2386  1603
2387  3493
2388  3495
2389  3496
2390  3497
2391  3499
2392  3498
2393  3503
2394  3500
2395  3501
2396  3502
2397  679
2398  905
2399  3504
2400  680
2401  3505
2402  3506
2403  3507
2404  3508
2405  3509
2406  3510
2407  3511
2409  321
2410  681
2411  682
2412  3514
2413  3515
2414  3516
2415  6325
2416  1901
2417  3517
2418  3518
2419  3521
2420  3520
2422  3304
2423  2947
2424  3522
2425  1842
2426  683
2427  3525
2428  3523
2429  3524
2433  1948
2434  3526
2435  684
2437  3527
2438  3529
2439  3532
2440  1371
2441  3533
2442  3534
2443  3535
2444  3536
2445  3537
2446  3538
2447  3540
2448  3541
2449  3542
2450  3543
2451  3544
2452  3545
2453  3546
2454  3547
2455  3548
2456  685
2457  3550
2458  3552
2459  3553
2460  3554
2461  3555
2462  3530
2463  3531
2464  3839
2465  3549
2466  3551
2467  3833
2469  3622
2470  686
2471  3556
2472  3557
2473  3558
2474  1543
2475  687
2476  3559
2477  3560
2478  3561
2479  688
2480  3562
2481  3563
2482  3564
2484  689
2485  690
2487  3565
2488  3566
2489  3567
2490  691
2491  3568
2492  3569
2493  3570
2494  3571
2495  3572
2496  3573
2497  3574
2498  3609
2499  692
2500  3575
2501  1898
2502  3576
2503  3577
2504  693
2505  3579
2506  694
2507  2376
2508  695
2509  3581
2510  1679
2511  1459
2512  3582
2513  3584
2514  3583
2515  3585
2516  988
2517  696
2518  3588
2519  3589
2520  3591
2521  3594
2522  3595
2523  3596
2524  4264
2526  3598
2527  3599
2528  3600
2529  3604
2530  3592
2531  3593
2534  3597
2535  697
2536  3601
2537  3602
2538  3603
2540  3605
2541  3607
2542  989
2543  3608
2544  698
2545  3610
2546  3611
2547  1178
2548  3613
2549  3614
2550  1179
2551  3615
2552  3046
2555  3617
2556  3618
2557  3620
2558  3624
2559  3625
2560  990
2561  3627
2562  3628
2563  3629
2564  3630
2565  699
2566  3619
2567  3623
2568  3835
2569  3640
2570  700
2571  2291
2572  3641
2573  3642
2574  3643
2575  701
2576  1247
2577  3645
2578  3646
2579  702
2580  703
2581  3647
2582  3648
2583  3649
2584  3650
2585  704
2586  3651
2587  705
2589  1345
2591  2292
2592  1859
2593  706
2594  1056
2595  707
2596  3653
2597  1372
2598  3654
2599  1057
2603  3655
2604  708
2605  1843
2606  3657
2607  2293
2608  3658
2609  3659
2610  3660
2611  3661
2612  709
2613  3663
2614  3664
2615  3665
2616  3666
2617  1949
2618  1373
2619  710
2620  1058
2621  5033
2623  1275
2624  4113
2625  711
2626  3673
2627  3672
2628  3688
2629  1860
2630  3674
2631  3675
2632  3676
2633  3677
2634  3679
2635  3680
2636  3681
2637  3682
2638  2447
2639  3683
2640  3684
2641  3685
2642  3686
2643  712
2644  3687
2645  3115
2646  713
2647  2294
2648  3689
2649  3690
2650  2635
2651  322
2652  1103
2653  714
2654  1374
2655  715
2656  3692
2657  716
2658  2377
2659  3695
2660  991
2661  3696
2662  1680
2663  3697
2664  3698
2665  717
2667  992
2668  3699
2669  718
2670  1894
2671  3700
2672  1844
2673  3701
2674  1930
2675  3702
2676  3703
2677  3704
2678  3092
2679  2874
2680  3705
2682  3706
2683  3707
2684  3708
2685  719
2686  720
2687  1587
2688  3714
2689  1059
2690  3720
2691  3721
2692  3722
2693  929
2694  3725
2695  3726
2696  721
2697  993
2698  3727
2699  3709
2700  1544
2701  3710
2702  3712
2703  3713
2704  3718
2705  3723
2706  3724
2707  994
2708  888
2709  3728
2711  3729
2713  1721
2715  3730
2716  3731
2717  3732
2718  3733
2719  3734
2720  722
2721  1729
2722  3735
2723  3736
2724  1180
2725  3737
2727  723
2728  3738
2729  3742
2730  3739
2731  3740
2733  3741
2734  3743
2736  1748
2737  3744
2738  3745
2739  3747
2740  3748
2741  3749
2744  3750
2746  724
2747  1545
2748  3751
2749  3752
2751  2506
2752  3753
2753  3754
2754  725
2755  3755
2757  3756
2758  3792
2759  3757
2760  726
2761  3758
2762  3759
2763  727
2764  1276
2765  1375
2766  3760
2767  3761
2768  1546
2769  3763
2770  1777
2771  3762
2772  3764
2773  3765
2774  930
2775  728
2776  3766
2777  729
2778  3767
2779  3768
2780  3769
2781  2636
2782  3770
2783  3771
2784  3772
2785  1799
2786  3773
2787  730
2788  3774
2789  3775
2790  1277
2791  3777
2792  3778
2793  3779
2794  731
2796  3780
2797  2295
2798  3093
2799  1209
2801  1048
2802  3781
2803  3782
2804  3783
2805  1547
2807  3784
2808  3785
2809  1248
2811  732
2813  3786
2814  951
2815  995
2817  3787
2818  2016
2819  996
2821  2296
2822  997
2823  3788
2824  3790
2825  2297
2826  3791
2827  3793
2828  931
2830  998
2831  1060
2832  3794
2833  3796
2834  1061
2835  3797
2838  1766
2839  3798
2840  3799
2841  4966
2842  3990
2843  323
2844  1797
2845  3800
2846  3801
2847  3802
2848  3803
2849  3804
2850  3805
2851  1346
2852  3806
2853  3807
2855  3808
2856  2298
2857  3809
2858  3810
2859  733
2860  3812
2861  3815
2862  3818
2863  3819
2864  3821
2865  3822
2866  3813
2867  3814
2868  3816
2869  3817
2870  3820
2871  734
2872  3823
2875  3824
2876  3825
2877  932
2879  3826
2880  1968
2881  3827
2882  3828
2883  3829
2884  3831
2885  3832
2886  3836
2887  3837
2888  3838
2889  3840
2890  3841
2891  3842
2892  3843
2893  3844
2894  3845
2895  3846
2896  3834
2898  3847
2899  3849
2900  735
2901  3848
2902  2299
2903  3851
2904  3852
2905  3850
2906  3853
2907  3854
2908  3855
2909  324
2910  2477
2912  1376
2913  3856
2914  2414
2916  3857
2917  1196
2918  1845
2919  3858
2921  3859
2922  999
2923  736
2924  3860
2925  1278
2926  1000
2928  1588
2929  3861
2930  3862
2931  3863
2932  737
2933  3865
2935  3866
2936  3871
2938  3868
2939  3867
2940  1846
2941  3870
2944  3872
2945  3873
2946  1181
2947  3874
2948  3875
2949  3876
2950  3877
2951  1377
2952  3878
2953  3879
2954  3880
2955  1001
2956  2778
2957  3881
2958  738
2960  3882
2961  3883
2962  3884
2963  1002
2964  3885
2965  3886
2966  1182
2967  3887
2968  1548
2969  3898
2970  3899
2971  3897
2972  1183
2973  1378
2974  2551
2975  4468
2976  3959
2977  1184
2978  3900
2979  1185
2980  3901
2981  739
2982  3902
2983  3903
2985  3904
2986  3905
2987  3906
2988  3907
2989  3908
2990  2484
2991  1318
2992  3909
2993  2280
2994  3910
2995  3911
2996  2017
2998  3912
2999  1003
3000  2378
3001  3913
3002  740
3003  3915
3004  3916
3005  741
3006  3917
3007  742
3008  3914
3009  1589
3010  743
3011  3918
3012  3919
3013  3920
3014  744
3015  1186
3016  3921
3017  3922
3018  1004
3019  3923
3020  1681
3021  1379
3022  3925
3023  2485
3024  745
3025  3926
3026  746
3027  933
3028  747
3029  1549
3030  1682
3031  3935
3032  3936
3033  1361
3034  748
3035  3937
3036  3776
3037  3938
3038  3939
3039  3940
3040  3941
3041  3942
3042  3943
3043  3944
3044  3945
3046  3948
3047  3955
3048  3946
3049  3947
3050  1249
3051  3949
3052  3950
3053  3951
3054  3952
3055  3953
3056  1380
3057  3954
3059  749
3060  3956
3061  3957
3062  3958
3063  3970
3066  3960
3068  1847
3070  3961
3071  3962
3072  3963
3073  750
3074  3965
3075  3966
3076  3967
3077  3968
3078  3969
3080  2875
3081  3972
3082  2248
3083  3973
3084  751
3085  3974
3086  3975
3087  3976
3088  3977
3089  1005
3090  3978
3091  3980
3092  752
3093  3981
3094  3982
3095  3985
3096  3986
3097  3983
3098  3984
3099  1683
3101  3987
3102  3988
3103  2379
3104  1902
3105  2448
3106  1550
3107  3989
3108  3992
3109  3789
3110  3994
3111  3995
3112  3996
3113  3997
3114  753
3115  4000
3117  754
3118  4001
3119  4002
3120  4003
3123  4004
3124  4005
3125  755
3126  1604
3127  4006
3128  4008
3129  4009
3130  1950
3131  4010
3132  4011
3133  4013
3134  4014
3135  4012
3136  756
3137  4015
3138  2727
3140  757
3142  4017
3143  4016
3144  758
3145  1381
3146  4018
3147  4019
3148  1551
3149  4020
3150  1062
3151  4021
3152  4022
3153  4023
3154  4024
3155  2633
3156  4025
3158  4026
3159  4027
3160  4028
3162  4029
3163  4030
3164  1006
3165  4031
3166  4032
3167  4033
3168  4035
3169  4034
3171  2758
3172  4036
3173  1552
3174  4037
3175  4038
3176  4039
3180  759
3181  4040
3182  4042
3183  4043
3184  4044
3185  4045
3186  4046
3187  4047
3188  4048
3189  4049
3190  4041
3191  1825
3192  760
3193  2722
3194  4050
3195  4051
3196  4052
3197  4053
3198  4054
3199  4055
3200  2018
3201  3193
3202  4056
3203  4057
3204  4058
3205  2545
3206  4059
3207  4060
3208  4061
3209  4062
3210  4068
3211  4075
3212  4063
3213  4064
3214  4066
3215  4065
3216  4067
3217  4069
3218  4076
3219  4071
3220  4072
3221  4073
3222  4077
3223  4078
3224  4079
3225  4080
3226  4081
3227  4082
3228  4083
3229  4084
3230  4085
3231  4086
3232  4087
3233  4089
3234  4088
3235  2449
3237  2804
3238  1213
3239  4090
3240  4091
3241  4092
3242  4093
3243  1684
3244  4094
3245  4095
3246  4096
3247  4097
3248  4098
3249  4099
3250  4100
3251  1553
3252  4101
3253  1554
3255  2300
3256  2249
3257  4102
3258  761
3259  4105
3260  762
3261  4106
3262  4107
3263  4103
3264  4104
3265  1590
3266  2700
3267  4108
3268  4109
3269  4111
3270  4112
3271  2380
3272  4114
3273  4117
3274  1063
3275  4118
3276  1137
3277  4119
3278  4120
3279  4121
3280  4115
3281  4116
3282  4136
3284  763
3285  2908
3288  4122
3290  4139
3291  764
3292  4123
3293  1327
3294  4124
3296  4125
3297  1610
3298  4126
3299  4127
3300  4128
3301  2576
3302  4129
3303  4130
3304  4132
3305  4133
3306  4168
3307  1382
3309  765
3310  1250
3311  4134
3312  4135
3313  1383
3314  4137
3315  4138
3316  4141
3317  4142
3318  4140
3319  2381
3320  2382
3321  766
3322  4143
3323  4144
3324  2019
3325  4145
3326  4146
3331  4148
3332  4149
3333  4150
3334  767
3335  4147
3338  1685
3339  4151
3340  4152
3341  4153
3342  4154
3343  4155
3344  4156
3345  4157
3346  1611
3348  2383
3349  4158
3350  4159
3351  1007
3352  2
3353  4160
3354  4161
3355  4162
3356  4164
3357  4165
3358  4166
3359  4167
3360  4163
3361  4169
3362  4170
3363  3924
3366  4174
3367  4175
3368  4171
3369  4172
3370  4173
3371  889
3373  4176
3374  4177
3375  4178
3376  1384
3377  4179
3378  4180
3379  4181
3380  4182
3381  2384
3382  4183
3383  4184
3384  4185
3385  4186
3386  4285
3388  4187
3389  4188
3390  4205
3391  4189
3392  4190
3393  1555
3394  768
3395  4192
3396  4193
3397  4194
3398  4195
3399  4196
3400  4197
3401  4198
3402  4200
3403  4199
3404  769
3405  4204
3406  4208
3407  4207
3408  1008
3409  2020
3410  1009
3411  4209
3412  4210
3416  4213
3417  1836
3418  4216
3422  4211
3423  4212
3424  4214
3425  4215
3426  4217
3427  4261
3429  1670
3433  770
3434  4218
3435  1115
3436  4219
3437  4220
3438  4223
3439  771
3440  4221
3441  4222
3443  772
3444  4224
3445  4225
3446  1903
3447  773
3448  4230
3449  4231
3450  4232
3451  4233
3452  774
3453  775
3454  776
3455  1807
3456  934
3457  4239
3458  777
3459  1214
3460  1279
3461  2790
3462  4241
3463  778
3464  779
3465  2444
3466  4242
3467  4243
3468  4244
3469  4245
3470  4246
3471  4248
3472  4247
3473  1010
3475  4249
3477  4252
3478  4253
3479  1215
3480  780
3481  4250
3482  4251
3483  1904
3486  2385
3487  4254
3488  4255
3489  1064
3490  4258
3491  4263
3492  4256
3493  4257
3494  4259
3495  4260
3496  4262
3497  4265
3498  1216
3499  4266
3500  4267
3504  4268
3506  1116
3508  4295
3509  4269
3510  4270
3511  4272
3512  4273
3513  4274
3514  4275
3515  4271
3516  935
3518  4276
3519  4277
3520  1556
3521  4278
3522  4279
3523  4280
3524  4281
3525  4282
3526  4283
3527  4284
3528  4325
3529  781
3530  4286
3531  4287
3532  4288
3535  4289
3536  4290
3537  782
3538  2552
3539  4291
3540  4292
3541  1557
3542  4293
3543  4294
3544  4296
3545  4297
3547  1861
3548  2004
3549  1591
3550  4298
3551  4299
3552  4300
3553  4301
3554  2236
3555  2386
3556  3421
3557  783
3558  4302
3560  4303
3561  4305
3562  784
3563  4306
3564  4307
3565  4308
3566  4309
3567  1592
3568  785
3569  4312
3571  4424
3576  1251
3577  4313
3578  4315
3579  4314
3580  1558
3581  4318
3582  4319
3583  4320
3584  4321
3585  4322
3586  1011
3587  1559
3589  4324
3590  4327
3591  4326
3592  4201
3593  4328
3594  4329
3595  4331
3596  4335
3597  4336
3598  4330
3599  4332
3600  4333
3601  4334
3602  4337
3603  4338
3604  4351
3605  4339
3606  4340
3607  786
3609  2301
3610  4341
3611  4342
3613  4343
3614  936
3615  787
3616  2387
3617  3991
3618  4344
3619  4345
3620  4346
3621  4347
3622  4348
3623  3388
3624  4349
3625  4350
3628  4352
3629  2530
3630  4353
3631  788
3632  4354
3633  4355
3634  1385
3635  789
3636  4356
3637  4357
3638  4358
3639  4359
3640  4360
3641  4361
3642  4362
3643  1012
3645  790
3646  1138
3647  4365
3648  4509
3649  4364
3650  791
3651  4366
3652  4367
3653  4369
3654  4368
3655  4370
3656  4371
3657  4372
3658  4373
3659  4374
3660  792
3661  793
3662  4375
3663  4376
3664  1837
3665  4377
3666  4378
3667  4379
3668  4380
3669  3127
3670  1686
3671  2282
3673  4381
3674  4382
3675  4383
3676  4384
3677  4385
3678  4386
3679  4443
3680  794
3681  1252
3682  4387
3683  4388
3684  4389
3685  4390
3686  4391
3687  4393
3688  4394
3689  4395
3690  4396
3691  1386
3692  4392
3693  4400
3694  4401
3695  4402
3696  4403
3697  4404
3698  4405
3700  4406
3701  4007
3702  4407
3703  4408
3704  4409
3705  4410
3706  4411
3707  4412
3708  4316
3709  4413
3711  4415
3712  4416
3713  1593
3714  4417
3715  4418
3717  1139
3718  4419
3719  4420
3720  1123
3722  4422
3723  4421
3724  1818
3725  4425
3726  1782
3727  4426
3728  4427
3729  4428
3730  4430
3731  4431
3733  4423
3735  4429
3737  3400
3742  4432
3743  4433
3744  4435
3745  2490
3746  4436
3747  4437
3748  795
3749  4438
3750  4439
3751  4440
3752  1460
3753  4441
3754  4442
3755  101
3757  4444
3758  4445
3759  4446
3760  4447
3761  4448
3762  4449
3763  4450
3764  4451
3765  4452
3766  4453
3767  4454
3769  1594
3770  3431
3771  4455
3772  1560
3774  4456
3775  4457
3776  1561
3777  4458
3779  4460
3780  4461
3781  4462
3782  4463
3783  4465
3784  4464
3785  2841
3786  4466
3787  796
3788  5712
3791  4469
3792  1013
3794  4472
3795  4471
3796  1862
3797  4470
3798  4473
3799  4474
3800  797
3801  4475
3802  4476
3803  1124
3804  1266
3805  4477
3806  798
3807  799
3808  2288
3809  2553
3810  4478
3811  2168
3812  800
3813  1104
3814  4479
3815  4480
3816  1387
3817  4481
3819  4705
3821  4486
3822  2450
3823  4482
3824  4483
3825  2554
3827  4484
3829  4485
3830  801
3832  4397
3833  4487
3834  4488
3835  1735
3836  4489
3837  4490
3839  4492
3840  4493
3841  4491
3842  2313
3843  802
3844  4494
3845  4495
3847  803
3848  4496
3849  2021
3850  4497
3851  4498
3854  1014
3855  4499
3856  2388
3858  4500
3862  4501
3863  4502
3864  4503
3865  4504
3867  2794
3869  4505
3870  4506
3871  804
3872  4507
3873  1280
3875  2436
3876  4510
3877  4512
3878  4511
3880  2954
3881  4513
3882  4514
3883  4515
3885  2563
3886  4516
3887  1562
3888  2562
3889  4517
3890  4518
3891  4519
3892  325
3893  2701
3894  4520
3895  4521
3896  4522
3897  1125
3898  1015
3900  4523
3901  4524
3902  4525
3903  805
3904  4526
3905  4527
3906  4528
3907  4529
3908  2451
3909  4530
3910  1016
3911  2022
3912  1281
3914  2464
3916  4532
3917  4533
3918  4534
3919  1612
3920  4535
3921  1319
3922  2023
3923  4536
3924  4537
3925  4538
3926  806
3927  4539
3928  4540
3929  4541
3930  4542
3931  4543
3932  4544
3933  2963
3935  4545
3936  4546
3937  807
3939  2118
3941  4547
3942  2119
3943  4548
3944  4549
3945  4551
3946  1126
3947  4550
3948  4552
3949  1388
3952  4553
3953  4554
3954  4555
3955  4556
3956  808
3957  4565
3958  809
3959  4557
3960  4558
3961  4559
3962  1282
3963  4563
3964  4561
3965  4562
3966  4564
3967  810
3968  4566
3969  1848
3970  811
3971  1905
3973  2791
3974  1320
3976  1089
3977  4571
3978  4572
3979  4573
3980  1389
3981  4574
3982  4576
3983  4578
3984  4579
3985  4581
3986  4582
3987  4575
3989  4577
3990  4580
3991  4583
3992  4584
3995  4722
3997  4585
3998  4586
3999  3094
4000  4587
4001  4588
4005  4589
4006  4590
4007  4591
4008  4592
4009  2955
4010  4593
4011  812
4012  2933
4013  813
4014  2475
4015  4595
4016  4594
4019  4596
4020  4597
4021  814
4023  4598
4024  815
4025  4599
4026  4600
4027  4601
4028  4602
4030  2452
4031  3216
4034  4603
4035  4604
4036  4605
4037  326
4038  4606
4039  4608
4040  816
4041  1826
4042  4609
4043  817
4044  818
4045  4612
4046  4614
4047  2667
4048  4616
4049  2264
4050  4617
4051  1390
4053  4618
4055  819
4056  4619
4057  4620
4058  820
4059  4621
4061  4622
4062  4623
4063  4624
4064  4626
4065  821
4066  4627
4067  4628
4068  3830
4069  4629
4070  4631
4071  1328
4072  822
4073  4632
4074  4634
4075  4635
4076  4658
4077  4625
4078  1283
4079  4630
4080  4636
4082  4638
4083  4637
4085  4639
4086  3888
4088  823
4089  4640
4090  4641
4091  4642
4092  4643
4093  4739
4095  4644
4096  4645
4097  4646
4098  1217
4099  1065
4100  4647
4103  824
4104  4649
4105  4650
4106  4652
4107  4653
4108  4648
4109  4651
4110  1284
4111  1391
4116  4654
4117  1563
4119  4655
4120  4656
4121  4657
4122  4660
4123  4661
4124  825
4125  4662
4126  4663
4127  2590
4128  4664
4129  4666
4130  4667
4131  4668
4132  4669
4133  4670
4134  327
4135  4671
4136  4672
4137  4673
4138  1827
4139  4674
4140  4675
4141  4676
4142  4677
4143  4678
4144  4679
4145  4680
4146  4681
4147  4682
4148  4683
4149  4684
4150  4685
4151  4686
4152  4687
4153  4688
4154  4689
4155  4695
4159  4690
4162  826
4163  4691
4164  4692
4165  4693
4166  4694
4167  4696
4168  4697
4169  4698
4170  4699
4171  3811
4173  2024
4174  4700
4175  1934
4176  4701
4177  4702
4178  4703
4179  827
4180  4704
4181  2437
4183  1140
4184  4706
4185  4707
4186  4708
4187  4709
4188  2668
4189  1127
4190  4710
4191  1141
4192  4712
4194  4711
4195  4713
4197  4714
4198  4715
4199  2169
4200  4716
4201  828
4202  4719
4203  4720
4204  4721
4205  4724
4206  4726
4207  4717
4208  4718
4209  4723
4210  4725
4211  1392
4212  829
4213  4729
4214  4730
4215  4728
4216  3276
4217  4731
4218  3331
4219  2389
4220  3621
4221  4735
4222  4732
4223  4733
4224  4734
4225  4736
4228  4737
4229  4754
4231  830
4232  4738
4233  890
4234  1595
4235  1142
4236  4740
4237  4665
4238  4741
4240  4742
4241  4745
4242  4746
4243  4743
4244  4744
4245  4747
4246  4748
4247  831
4248  4749
4249  4750
4250  4751
4251  4752
4252  4753
4254  2669
4255  4755
4256  832
4257  4756
4259  4757
4260  4758
4261  833
4263  834
4264  3795
4265  4310
4266  835
4267  4759
4269  836
4272  2956
4273  4761
4274  4765
4275  4760
4276  1017
4277  4764
4278  4766
4279  4767
4280  4768
4282  4769
4283  4770
4284  4771
4285  4772
4289  837
4290  838
4291  4773
4292  4774
4295  4775
4296  4776
4297  839
4298  2314
4299  840
4303  1066
4304  4777
4305  4778
4306  4780
4307  4781
4308  4779
4310  1018
4311  2670
4312  4782
4313  4783
4314  4784
4315  2025
4316  4785
4317  4786
4318  4787
4319  4788
4320  4789
4321  4790
4322  4838
4323  2237
4324  4791
4325  4792
4326  4793
4327  4794
4328  4795
4329  4796
4331  2671
4332  1285
4333  4797
4334  4798
4335  841
4336  4799
4337  4800
4338  1019
4340  4803
4341  1935
4342  4804
4343  4805
4344  4809
4345  4801
4346  4802
4347  4806
4348  4810
4349  1020
4351  1393
4352  4811
4353  4812
4354  4813
4355  2421
4357  4814
4358  4815
4359  2491
4360  4816
4361  1461
4362  4818
4363  4819
4364  4817
4365  1564
4366  4820
4368  4822
4369  4823
4370  4825
4371  4824
4372  4826
4373  937
4375  4827
4377  4828
4378  4829
4379  4831
4380  4832
4381  4833
4382  4834
4383  4830
4384  842
4385  2356
4386  2357
4389  1143
4393  4835
4394  4836
4395  4839
4396  4840
4397  4841
4398  4842
4399  4837
4400  1197
4401  1462
4402  2005
4403  1886
4404  4843
4405  4845
4406  5999
4407  5386
4408  4844
4409  5804
4411  2918
4412  1613
4413  4459
4414  4846
4415  4847
4416  4848
4417  843
4418  5653
4422  844
4423  4849
4424  845
4425  4850
4426  4851
4427  4852
4428  4853
4429  4854
4430  4855
4431  4856
4432  1793
4433  4857
4434  4858
4435  1528
4436  4859
4437  4860
4438  4861
4439  4862
4440  4863
4441  1463
4442  4864
4443  4865
4444  4866
4445  4867
4446  4868
4447  4869
4448  1198
4449  4870
4450  4873
4451  4871
4452  4872
4453  1286
4454  4874
4455  4875
4456  4877
4457  4878
4458  4879
4459  4880
4460  4881
4461  4882
4462  4884
4463  846
4464  4885
4465  4886
4466  1808
4467  4887
4468  2591
4469  4888
4470  4889
4471  1838
4473  4890
4474  4891
4475  4896
4476  4893
4477  4892
4478  4895
4479  4897
4480  2259
4481  4304
4482  1839
4483  1067
4485  847
4486  4900
4487  4981
4488  2026
4489  4905
4490  4906
4491  4908
4492  4913
4493  4899
4494  4902
4495  4903
4496  4907
4497  4909
4498  4917
4500  2390
4502  4911
4503  4912
4504  4910
4507  2027
4508  4914
4509  4915
4510  848
4511  4916
4516  4918
4521  4613
4523  4919
4524  4920
4526  4921
4527  1863
4528  849
4529  2391
4530  1565
4531  850
4532  6660
4533  4922
4534  1849
4535  4923
4536  1347
4538  4924
4539  4876
4540  4925
4541  4926
4542  4927
4543  4930
4544  4928
4545  4931
4547  851
4550  2492
4551  1864
4552  3122
4553  4934
4554  4935
4555  4936
4556  4937
4557  1819
4558  2672
4560  4938
4561  906
4562  2206
4563  4939
4564  4940
4565  4941
4566  4942
4567  4943
4568  4944
4569  4945
4574  1068
4575  4946
4576  4947
4577  4948
4578  852
4580  3016
4581  4949
4582  4950
4583  2392
4584  1394
4586  4951
4587  1395
4588  1210
4591  5431
4592  4952
4593  4953
4594  4954
4595  4955
4596  4956
4597  4957
4598  4958
4599  4959
4600  907
4601  4961
4602  4960
4603  4962
4604  1396
4605  2207
4607  4964
4608  4963
4609  4965
4611  4967
4612  4968
4613  853
4615  4969
4616  4970
4617  4971
4618  4972
4619  4973
4620  2673
4621  2028
4622  4974
4623  4975
4624  4976
4625  3652
4626  4978
4627  4979
4629  4977
4630  4980
4631  1397
4632  1287
4633  4982
4635  4992
4636  4983
4638  4984
4639  2274
4640  4985
4641  4986
4644  4987
4645  908
4646  1702
4647  4997
4648  2674
4649  4988
4650  1850
4651  4989
4652  4990
4653  1989
4654  3032
4655  4991
4658  909
4659  4993
4660  4994
4661  854
4662  855
4663  4995
4664  4996
4665  4998
4666  1144
4667  5001
4668  5003
4669  5004
4670  5005
4671  5006
4672  5000
4673  5002
4674  5007
4675  5043
4677  2675
4678  2453
4681  5008
4682  5010
4683  5009
4684  3927
4686  5011
4687  1105
4688  5012
4689  1674
4692  5014
4693  5013
4694  5015
4695  5016
4696  5017
4697  5018
4698  5019
4699  5020
4700  5021
4701  5022
4702  5023
4703  5024
4704  5025
4705  5026
4706  856
4707  5027
4708  5028
4709  857
4710  5029
4711  5030
4712  1021
4713  1614
4714  5031
4715  1199
4716  5032
4717  1069
4718  5034
4719  858
4720  5036
4721  5035
4723  5037
4725  5038
4726  5039
4727  5040
4728  2208
4733  5041
4735  1090
4736  5042
4737  5045
4738  5047
4739  5048
4740  5051
4741  5054
4742  5044
4743  5049
4744  5052
4745  5050
4746  5053
4748  1288
4749  5055
4750  5056
4751  5057
4752  5059
4753  5060
4754  5058
4755  5061
4756  5062
4757  5063
4759  5064
4760  5065
4761  5066
4762  5067
4763  5068
4764  1145
4765  5069
4766  5071
4767  5742
4771  5070
4773  5072
4774  5073
4776  1809
4777  2372
4778  3631
4779  3928
4780  1267
4781  1070
4782  5074
4783  2454
4785  5075
4786  1464
4787  5076
4788  5077
4789  5078
4790  5079
4791  1398
4792  328
4793  5081
4794  5082
4795  1106
4796  859
4797  2029
4798  1465
4799  5083
4800  5084
4801  5138
4803  5085
4804  5086
4805  5087
4806  5088
4807  5089
4808  860
4809  2883
4810  5090
4811  861
4813  5091
4814  862
4815  3079
4816  5092
4817  5093
4818  5094
4819  5095
4820  863
4821  5096
4822  1906
4823  5097
4824  2030
4825  5099
4826  5100
4827  864
4828  1200
4829  5101
4830  5103
4831  2031
4832  5104
4833  5106
4834  5107
4835  5108
4836  5109
4837  5110
4838  5111
4839  5112
4840  5113
4841  5115
4842  5116
4843  5117
4844  5118
4845  5121
4846  1951
4847  5122
4848  5123
4849  5124
4850  5125
4851  5128
4852  5129
4853  5131
4854  5132
4855  5133
4856  5134
4857  5105
4858  5114
4859  5119
4860  5120
4861  5126
4862  5127
4863  5130
4864  5223
4866  3889
4867  5135
4868  5136
4869  5140
4870  5142
4871  5139
4872  5143
4873  5137
4874  5141
4875  1107
4876  3424
4879  2032
4880  4234
4881  5145
4882  5146
4883  5147
4884  1399
4885  5148
4886  4560
4887  3929
4889  5149
4890  5150
4891  5151
4893  5152
4894  5153
4896  1400
4897  5228
4898  5155
4899  2033
4900  5156
4901  5157
4903  5158
4904  5159
4905  5160
4906  5162
4908  5163
4909  5165
4910  5166
4911  5167
4912  5168
4913  5169
4914  5170
4915  5171
4916  5172
4917  5173
4918  5174
4919  5176
4920  5177
4921  5179
4922  5180
4923  5161
4924  5164
4925  5175
4926  5178
4927  5750
4929  1071
4931  5181
4932  5182
4933  5183
4934  3890
4935  5185
4936  5186
4937  5187
4938  865
4940  1466
4942  329
4943  5188
4944  1022
4945  5189
4946  2676
4947  5190
4948  5191
4950  5192
4951  5193
4952  5194
4953  1023
4954  1865
4957  5195
4960  5196
4962  866
4963  5197
4964  1566
4965  5200
4966  4568
4967  5201
4969  5205
4970  5206
4971  5207
4972  5208
4973  5209
4974  5210
4975  5212
4976  5213
4977  1567
4978  5215
4979  5216
4980  1952
4981  1401
4982  5217
4983  1816
4985  5218
4986  2034
4987  3891
4988  5219
4989  5220
4991  4611
4992  3892
4993  2792
4994  1218
4995  5221
4996  5222
4999  1024
5000  5224
5001  5225
5002  1402
5003  5226
5005  5227
5006  5229
5008  5230
5009  5231
5010  5232
5011  5233
5012  2035
5013  5234
5015  6433
5016  5235
5017  5236
5018  5237
5019  5238
5020  1289
5022  1072
5024  5239
5026  867
5028  1253
5029  5240
5031  5241
5032  5242
5033  2393
5035  5243
5036  5244
5037  868
5038  5245
5039  5246
5040  5247
5043  2677
5044  2678
5045  2036
5046  5248
5047  5249
5048  5250
5050  5307
5051  5251
5052  5252
5053  5253
5054  5254
5055  869
5057  5255
5058  1268
5059  5256
5060  5258
5061  1219
5062  5259
5063  5260
5064  2315
5065  5261
5067  5263
5068  5264
5069  5262
5070  5740
5071  5265
5072  1290
5073  870
5075  1866
5077  5266
5078  5267
5079  1146
5080  5271
5081  5272
5083  1787
5084  5273
5085  5274
5086  5275
5087  5276
5088  5277
5089  5278
5090  5279
5091  5280
5092  871
5093  5778
5095  5281
5096  1403
5097  5282
5098  5284
5099  5283
5100  872
5102  5287
5103  2202
5104  5289
5105  5290
5106  873
5109  5291
5110  5293
5111  5292
5112  5294
5114  5295
5115  2948
5116  5297
5117  5298
5118  5299
5119  5300
5120  2422
5121  2037
5122  5301
5123  1025
5124  5305
5125  5306
5126  5308
5127  5302
5128  5303
5129  5304
5130  874
5132  875
5133  4434
5135  5309
5136  5310
5138  5311
5139  5312
5140  1467
5141  2685
5142  5313
5143  6525
5144  876
5145  5268
5146  3124
5148  2038
5150  5314
5151  5315
5152  5316
5153  5317
5154  5318
5155  1568
5158  5319
5159  5320
5160  5321
5161  5322
5162  1026
5163  5324
5164  5325
5166  5326
5167  5323
5171  5327
5172  5328
5173  5329
5174  5330
5175  5331
5176  1828
5177  5332
5178  1579
5179  1404
5180  5334
5181  5335
5182  1829
5183  5336
5184  5337
5185  5338
5186  5339
5187  5340
5188  1405
5189  1643
5190  5344
5191  5345
5192  5346
5193  5534
5194  5347
5195  5348
5196  5349
5197  5350
5198  5351
5199  1936
5200  1291
5201  5352
5202  5354
5203  5355
5204  2039
5207  5356
5208  3146
5209  5357
5210  1201
5213  5358
5214  5359
5215  2363
5216  5360
5217  5361
5218  5362
5219  5363
5220  5364
5221  5365
5222  1783
5224  5366
5225  5370
5226  1406
5227  5368
5228  5369
5229  5371
5230  5372
5231  3477
5232  5373
5233  1407
5238  5374
5239  1840
5240  3667
5241  5377
5242  5375
5243  5378
5244  5376
5245  1408
5246  1708
5247  5380
5248  5381
5249  5382
5250  5379
5251  5384
5252  5383
5253  2531
5254  3
5255  3478
5260  3693
5261  5385
5262  1409
5263  1761
5264  5435
5265  5387
5267  3930
5269  6272
5271  3116
5273  1468
5274  4633
5275  5388
5276  5389
5277  5390
5278  5391
5280  5392
5281  5393
5282  5394
5283  5395
5284  5397
5285  2040
5286  5398
5287  5396
5288  1410
5289  2041
5290  5399
5291  5400
5294  5401
5295  1469
5296  3117
5298  2170
5299  5402
5300  5403
5301  2353
5303  3479
5305  2042
5306  4235
5308  1292
5309  2592
5310  5098
5311  3580
5312  2957
5313  5404
5314  5405
5315  5406
5316  5407
5317  5408
5320  5409
5321  1220
5322  5410
5323  330
5324  5411
5326  2302
5327  938
5328  5412
5329  5413
5330  5414
5332  5416
5333  5415
5334  5417
5335  1569
5336  5418
5337  5420
5339  5419
5341  1027
5342  5421
5343  5422
5344  5423
5345  5424
5346  5425
5347  5426
5348  5427
5350  3931
5351  1411
5352  5428
5353  5429
5354  3494
5355  5430
5356  5432
5357  5433
5358  5434
5360  5436
5361  5437
5362  4727
5363  4240
5364  3632
5365  5438
5366  5439
5367  5440
5368  3715
5370  5441
5371  5442
5372  5443
5373  5444
5374  5445
5375  3448
5376  5446
5377  5447
5378  1171
5380  5448
5381  5449
5382  5450
5384  1969
5385  5451
5386  5452
5387  3662
5388  4206
5390  5453
5391  5454
5392  1293
5393  3412
5395  5455
5396  5587
5397  5456
5398  5457
5399  5459
5400  5460
5401  5461
5404  1150
5405  5458
5406  3626
5410  6313
5412  1028
5413  5462
5414  5463
5415  1294
5416  5464
5417  2555
5418  5465
5419  5467
5421  1254
5422  5468
5423  1029
5424  5466
5426  2455
5427  5469
5428  5470
5429  5471
5430  1412
5431  5472
5432  2394
5434  4932
5435  5473
5436  5474
5437  1413
5438  5475
5439  1108
5440  5476
5442  3932
5445  1414
5446  5479
5447  5480
5448  5481
5449  1255
5452  1348
5454  1570
5455  5483
5456  5482
5457  1415
5459  1073
5460  5484
5461  5485
5462  5505
5463  1416
5465  1470
5466  1990
5467  3480
5468  5486
5469  2233
5470  2423
5471  4236
5472  5487
5473  5488
5474  5489
5475  5490
5476  5491
5477  5492
5478  5493
5479  1471
5480  5494
5481  4398
5482  1615
5483  5495
5484  1030
5485  5496
5486  5497
5487  1970
5488  5498
5489  5499
5490  5500
5491  5501
5494  5502
5495  5503
5496  5504
5497  5506
5499  2614
5500  2203
5501  5507
5503  1349
5504  5508
5505  5509
5506  1571
5507  5510
5508  5511
5509  1572
5510  5512
5511  1031
5512  5513
5513  2043
5514  3716
5515  5514
5516  5515
5517  5516
5518  5517
5519  5518
5520  5519
5521  5520
5522  5521
5523  5522
5524  1221
5525  5524
5526  5525
5527  1417
5528  5528
5529  1074
5530  5526
5531  5527
5532  5529
5533  3668
5534  5530
5535  5531
5536  5532
5537  5533
5539  2238
5540  5535
5541  5536
5542  5537
5543  4
5544  5538
5545  1151
5548  5539
5549  5540
5550  5541
5551  5542
5552  5544
5553  5545
5554  5543
5555  5546
5558  5547
5559  1953
5561  5548
5562  5549
5563  1472
5564  3481
5565  5550
5566  5551
5567  5552
5568  1954
5569  3109
5570  4933
5571  5553
5572  5554
5573  5555
5576  5557
5577  5556
5578  5558
5579  5559
5580  5560
5581  5561
5582  1152
5583  5562
5584  1295
5587  5563
5588  4531
5589  5564
5590  5735
5591  5565
5592  1573
5594  5566
5595  5567
5596  1032
5598  5568
5599  5569
5600  5570
5601  5571
5602  5572
5603  5573
5604  5574
5605  1075
5606  5575
5607  5576
5608  5577
5609  5579
5610  5580
5611  5581
5612  5578
5613  5582
5614  1211
5615  5583
5616  5584
5617  5585
5620  1418
5622  5586
5623  2044
5624  1187
5625  5590
5626  1473
5627  5588
5628  5591
5629  5592
5630  1296
5631  2045
5633  5593
5635  2679
5636  5595
5637  1419
5638  2046
5639  1420
5640  1147
5643  5477
5644  5594
5645  5596
5646  5597
5647  5613
5648  5598
5649  5599
5650  2395
5651  1574
5652  5600
5653  5601
5655  1421
5656  5605
5657  5606
5658  5607
5659  5608
5660  5609
5661  5610
5662  5611
5663  2047
5664  3482
5665  5296
5666  5614
5667  5615
5668  5612
5669  5616
5670  5617
5671  1269
5673  2373
5674  5618
5675  5619
5676  5620
5678  5621
5679  5622
5680  1422
5682  5623
5683  1222
5684  1297
5685  5625
5686  5624
5687  5626
5688  5627
5689  5628
5690  5629
5691  5630
5692  5631
5693  1991
5694  3893
5695  5632
5696  5634
5697  331
5698  5633
5702  5635
5703  5636
5704  5637
5705  2048
5706  2909
5707  5639
5708  5638
5709  2415
5710  5640
5711  5641
5712  5642
5713  3644
5714  939
5717  5643
5718  5644
5720  5645
5721  1423
5722  5646
5726  4901
5729  5647
5730  5648
5731  5649
5732  1298
5733  5650
5735  5651
5737  1299
5738  1616
5739  1474
5740  2456
5741  5652
5743  1202
5744  5654
5745  1424
5746  5655
5747  5657
5748  5658
5749  5659
5750  5656
5751  5660
5752  5661
5753  1841
5754  5341
5755  5662
5756  3717
5757  2049
5760  1475
5761  5663
5763  5664
5764  5665
5765  5666
5766  5667
5767  5668
5768  5669
5769  5670
5770  5671
5771  5672
5772  2316
5773  1778
5774  5673
5775  940
5776  2050
5778  4467
5780  941
5781  5674
5782  5589
5783  5675
5784  2565
5785  5676
5786  5677
5787  5678
5788  5679
5789  5680
5790  1300
5792  2051
5793  1817
5794  5681
5796  5682
5797  5683
5798  1301
5799  1076
5800  1350
5801  2052
5802  877
5803  5686
5804  1077
5805  5689
5806  1425
5807  2171
5808  5690
5809  2053
5810  5691
5811  1971
5812  1329
5813  5692
5814  942
5815  5695
5816  5697
5817  1955
5818  943
5819  1476
5820  5698
5821  5699
5822  1078
5823  5701
5824  1477
5827  1478
5828  1779
5829  1479
5830  2054
5832  2055
5833  5702
5834  5703
5835  1972
5836  5707
5837  2396
5838  5046
5839  1426
5840  5705
5841  5706
5842  5704
5844  1203
5846  5708
5848  1427
5850  2056
5852  5709
5853  5710
5854  5711
5855  5713
5856  5714
5857  5715
5859  5716
5860  1428
5861  5717
5862  5718
5863  1033
5864  5719
5866  5720
5868  5721
5871  1480
5872  1351
5873  5723
5874  5724
5875  5725
5876  5726
5877  5727
5878  5728
5880  5202
5882  4191
5883  5729
5884  5730
5885  5731
5886  1429
5887  1882
5888  5732
5889  5733
5890  5734
5891  2057
5892  5736
5895  5737
5896  5738
5897  1079
5899  5739
5902  1430
5903  5741
5907  5743
5908  5745
5909  5746
5910  6727
5911  5744
5913  5747
5914  5751
5915  5748
5916  5749
5917  5752
5919  5753
5920  5754
5921  5755
5922  1128
5923  5756
5924  5757
5925  1431
5926  3586
5927  5758
5928  1596
5930  5759
5931  2058
5932  2059
5933  1432
5934  5760
5935  5761
5936  1256
5937  5762
5938  5763
5939  5765
5940  5766
5941  5767
5942  5764
5943  6166
5944  5768
5945  5769
5946  5770
5947  1575
5949  6558
5950  1617
5952  5771
5955  4904
5956  3669
5958  5774
5959  5776
5960  5777
5961  5779
5962  5772
5963  1302
5964  5773
5965  6018
5966  5775
5967  5796
5969  1830
5970  5780
5971  5781
5972  1433
5973  2060
5977  2680
5978  5820
5980  1618
5981  5782
5982  5783
5983  5784
5984  5785
5985  5786
5986  5787
5987  5788
5988  5789
5989  5790
5990  5791
5991  2061
5992  5792
5993  5793
5994  1434
5995  6000
5997  5794
5998  1148
5999  5797
6000  1619
6001  1481
6002  5814
6003  5800
6004  1223
6005  5799
6006  1080
6007  5802
6009  2062
6010  2063
6013  5803
6014  5805
6015  5806
6016  5807
6017  5808
6018  5809
6019  5810
6020  5811
6021  2064
6022  5813
6023  2702
6024  5812
6025  5815
6026  5816
6027  2568
6028  5817
6029  1831
6030  5818
6031  5819
6032  2065
6033  5821
6034  5822
6035  5825
6036  5823
6037  5824
6038  5826
6039  5827
6041  3483
6042  5828
6043  1482
6044  1081
6045  5829
6046  5830
6047  2317
6048  5831
6049  5832
6050  5833
6051  5834
6052  5835
6053  5836
6054  4237
6055  3422
6056  5837
6057  5838
6058  5839
6059  2949
6060  5840
6061  5841
6062  5842
6063  5843
6064  5844
6066  5845
6067  5849
6068  5850
6069  5851
6070  5846
6071  5847
6072  5848
6073  5852
6074  5853
6075  5854
6077  5855
6078  3719
6079  5856
6080  3656
6081  5857
6082  5858
6083  1435
6088  5154
6089  5859
6090  5860
6091  5861
6092  5862
6093  5863
6094  1257
6096  2950
6097  1034
6098  1436
6100  5864
6101  5865
6105  3711
6106  2066
6107  3484
6108  5866
6109  3670
6110  1867
6111  3274
6112  5868
6113  5869
6114  5870
6116  5867
6118  5871
6119  5872
6120  5873
6121  5874
6123  1091
6124  1437
6126  5875
6127  5878
6128  5877
6129  5876
6130  1438
6132  5986
6133  5879
6134  5880
6135  5881
6139  6632
6141  5882
6142  5883
6143  5884
6144  5885
6145  5886
6146  5887
6147  5888
6148  2239
6149  2067
6150  5889
6151  1082
6152  5890
6153  5891
6155  5892
6156  1303
6157  5894
6158  5893
6160  5895
6161  2068
6162  4311
6164  2703
6165  5896
6166  1188
6168  5897
6169  5898
6170  878
6174  1304
6175  5899
6176  5900
6177  5901
6178  5902
6179  5903
6180  5904
6181  5907
6182  5908
6183  5909
6184  5910
6185  5911
6186  5912
6187  5913
6188  5915
6190  5922
6191  5926
6192  5927
6193  5929
6196  5905
6197  5906
6198  1153
6199  5916
6200  5917
6201  5918
6202  5919
6203  5920
6204  5921
6205  5923
6206  5924
6207  5925
6208  5928
6212  5930
6213  5931
6214  5932
6215  5933
6216  5934
6217  5935
6218  2069
6219  5936
6220  5937
6221  1888
6222  5939
6223  5940
6224  5938
6225  4226
6226  2681
6227  332
6228  5942
6229  944
6230  5941
6232  5943
6235  3485
6236  5944
6239  5945
6240  5946
6241  1973
6242  5948
6243  2070
6244  5949
6245  5950
6246  1204
6247  5951
6248  5952
6251  1049
6252  5953
6253  5954
6254  5955
6255  1974
6257  4569
6258  5956
6259  5957
6261  2071
6262  945
6263  5958
6264  5959
6265  5960
6266  5961
6267  5962
6269  1691
6270  2072
6271  5963
6272  1035
6273  5964
6274  5965
6275  5966
6276  5967
6278  4570
6279  3671
6280  2318
6281  5969
6282  5968
6286  5970
6287  5971
6288  5972
6291  5973
6292  5974
6293  5975
6294  5976
6295  5978
6296  1305
6297  5977
6298  6004
6299  1620
6301  5979
6302  2073
6304  5980
6305  1709
6306  1109
6307  4202
6311  2593
6312  5981
6313  5982
6314  5983
6315  5984
6316  6357
6317  5987
6319  5985
6320  2319
6321  3315
6323  1975
6324  5988
6325  5989
6326  5990
6327  1258
6328  1483
6330  333
6331  5991
6332  5992
6333  5993
6334  2074
6337  1306
6339  5994
6340  3070
6344  1484
6346  5995
6347  1868
6348  5996
6349  5997
6350  5998
6351  6006
6355  6001
6356  6002
6359  6003
6360  2416
6366  6005
6367  6776
6371  6007
6374  6008
6375  6009
6376  1485
6377  6010
6378  6011
6379  6012
6380  6013
6381  6014
6383  6016
6387  6017
6388  1918
6389  6019
6391  6020
6392  6021
6393  6022
6394  6023
6395  6025
6396  6026
6397  6027
6398  6028
6399  6024
6400  1307
6406  6029
6407  1308
6408  6030
6409  2075
6410  6031
6411  6032
6412  6033
6413  6034
6414  1692
6415  6035
6416  6036
6417  1486
6421  2172
6422  2076
6423  6038
6424  1976
6426  6039
6427  3933
6428  6041
6429  6040
6430  6042
6431  6043
6432  1110
6435  3612
6436  6044
6437  1083
6439  6045
6440  6046
6441  1036
6442  1487
6443  6047
6444  6048
6445  6050
6446  6052
6447  1977
6448  6049
6450  6053
6451  6054
6452  6055
6453  6056
6454  6057
6455  6058
6456  6059
6457  6060
6458  1099
6459  6061
6460  6109
6461  6062
6462  2934
6464  1488
6466  6063
6467  6064
6468  6065
6469  6066
6470  6067
6471  6068
6472  1621
6474  2077
6475  3934
6477  6069
6478  6071
6479  6070
6480  6072
6481  1489
6483  6073
6484  6074
6485  6075
6486  6076
6487  6077
6488  6078
6489  6079
6490  6080
6491  2078
6492  6081
6493  6082
6494  6083
6495  6085
6496  879
6497  6086
6498  1154
6500  6087
6501  2397
6502  6088
6503  1155
6504  6089
6505  1439
6506  6090
6507  6091
6508  6092
6509  6093
6510  6094
6511  1490
6513  6095
6514  6096
6515  6097
6516  6098
6517  6099
6518  6100
6519  6101
6520  6102
6521  6103
6522  6104
6523  1491
6524  6105
6525  6106
6526  6107
6527  6108
6528  1492
6529  1493
6530  3979
6532  3587
6533  6111
6534  6112
6535  6114
6536  6117
6537  6113
6538  6115
6539  6116
6541  6118
6542  6119
6543  3691
6544  6120
6545  6121
6546  6122
6547  6123
6548  6124
6550  6125
6551  6189
6552  1494
6553  1309
6554  2079
6555  1495
6560  1330
6561  6126
6563  6132
6565  6127
6566  1037
6567  1496
6568  2637
6570  1869
6571  2080
6572  6128
6573  6129
6574  6130
6575  6131
6576  1497
6577  6134
6578  6135
6579  6136
6580  6137
6581  6139
6582  6140
6583  6141
6584  6143
6585  6145
6586  6138
6587  6142
6588  6144
6589  1352
6590  2173
6592  1331
6594  2081
6595  1851
6596  1498
6598  6146
6599  1440
6600  1499
6601  6147
6602  6148
6603  6149
6604  6150
6605  6151
6606  1693
6607  6152
6608  6153
6609  6187
6611  3894
6612  6154
6613  1978
6614  6156
6615  6157
6616  6158
6617  6159
6618  2320
6619  6155
6620  6294
6621  3223
6622  6160
6623  6161
6624  334
6625  6162
6626  6164
6627  6163
6628  1622
6630  6165
6632  2082
6633  6168
6634  1332
6635  6169
6636  6167
6638  6859
6639  6170
6641  5801
6643  6171
6644  6172
6645  6173
6646  6174
6647  6175
6648  6177
6649  6178
6650  6179
6651  6180
6652  6181
6653  6182
6654  6183
6655  6176
6656  6184
6657  6185
6658  6186
6660  6188
6661  5203
6663  2083
6665  1353
6666  6190
6668  2084
6670  1623
6671  6191
6672  6192
6673  6193
6674  6194
6675  6195
6676  6196
6677  6197
6678  6198
6679  6199
6680  4323
6681  5288
6682  1441
6683  6200
6684  6201
6685  2085
6686  2086
6687  6202
6688  6203
6689  6204
6690  6205
6691  1672
6692  6349
6695  6206
6696  6207
6697  6208
6698  6209
6699  1500
6700  2321
6701  6210
6702  6211
6703  6212
6705  6213
6706  6214
6707  1624
6709  4607
6710  6215
6711  6216
6712  2358
6713  6217
6714  2303
6715  880
6717  6219
6718  6218
6719  6220
6720  1644
6721  4363
6723  3042
6724  4227
6725  1625
6726  6236
6727  6221
6728  6222
6729  6223
6730  6224
6731  6225
6732  6226
6734  6227
6735  6228
6736  2322
6737  1310
6738  6229
6739  881
6744  6230
6745  6231
6746  6232
6747  6311
6749  6233
6751  6234
6752  6237
6753  6238
6755  2615
6756  5687
6757  6235
6758  6239
6759  2323
6760  6240
6761  6241
6762  3224
6764  6242
6765  335
6766  6243
6767  6244
6768  6245
6769  2616
6770  1501
6771  6246
6772  2324
6773  6249
6774  1224
6775  6248
6776  6276
6777  1626
6778  5269
6779  6250
6780  946
6781  6251
6782  6252
6783  2087
6784  1442
6787  6253
6788  1502
6789  2325
6790  336
6791  5795
6793  6254
6794  6255
6795  6256
6797  6257
6798  6258
6800  6259
6801  6260
6802  6261
6803  1979
6804  6262
6805  1627
6806  2638
6807  6264
6808  6263
6809  1980
6810  6265
6811  6267
6812  6266
6813  1981
6815  6268
6816  6269
6818  6270
6819  6271
6821  6273
6822  6274
6824  6275
6826  4238
6828  6277
6829  6278
6832  1225
6833  1038
6834  6279
6835  6280
6836  6281
6837  6282
6840  1780
6841  6283
6842  6284
6843  6285
6844  6286
6845  6287
6846  6288
6847  6290
6848  6289
6850  2617
6852  6291
6854  6292
6855  1039
6856  5102
6858  4659
6859  6293
6860  1503
6861  6295
6862  6296
6863  6297
6864  6298
6865  6301
6866  6299
6867  6300
6869  1040
6870  6302
6871  5696
6873  2088
6875  1129
6876  6303
6877  6304
6878  6305
6880  6306
6881  6307
6883  6308
6884  6309
6885  6310
6886  6312
6889  6504
6890  1943
6892  2219
6895  6314
6896  6315
6897  2089
6899  6316
6900  6317
6901  1504
6902  6318
6903  6319
6904  1937
6905  6320
6906  6322
6907  2090
6908  6323
6909  6324
6910  6326
6911  6328
6912  6329
6913  1156
6914  1259
6915  6321
6916  6327
6917  2326
6918  1333
6920  4228
6921  6330
6922  6331
6923  1650
6924  2327
6926  6332
6927  6333
6928  6334
6929  6335
6930  1260
6933  2328
6934  1505
6935  6336
6936  6337
6938  1628
6940  6338
6941  6339
6942  3633
6943  6340
6945  1710
6946  1157
6947  6342
6948  1041
6949  6341
6950  5204
6951  1506
6953  1629
6954  6343
6955  1042
6958  6350
6959  6348
6960  6351
6961  6352
6962  6353
6963  6354
6965  337
6967  1354
6968  6355
6969  6356
6971  6358
6972  6359
6974  6360
6975  6361
6976  1938
6978  6362
6979  1226
6980  1507
6981  6363
6982  1982
6983  6037
6984  6364
6985  6365
6986  6470
6987  5693
6990  6366
6991  6367
6993  1651
6994  1694
6995  6368
6996  6369
6997  1630
6998  6370
6999  6371
7000  6372
7001  6373
7002  6374
7003  6375
7004  6376
7005  1508
7006  6377
7007  6378
7008  6379
7009  6380
7010  6381
7011  6382
7012  1597
7013  6383
7014  6384
7015  6385
7016  6386
7017  6387
7018  6388
7019  6389
7020  6390
7021  1509
7022  6391
7023  3895
7024  6392
7025  6393
7026  6394
7027  6395
7028  6396
7029  6397
7030  6416
7031  6398
7032  6400
7033  6399
7034  2091
7035  6401
7036  6402
7037  6403
7038  6420
7040  1158
7041  6404
7042  2988
7043  6405
7044  6406
7045  6408
7046  6410
7047  1510
7048  6412
7049  6414
7050  1227
7051  6407
7052  1159
7053  6409
7054  1631
7055  6411
7056  6413
7057  6415
7059  2639
7060  2640
7061  6417
7062  4567
7063  1443
7064  6418
7065  6419
7070  6422
7071  6423
7072  6421
7073  2092
7074  1355
7079  6424
7080  6425
7082  6427
7084  6431
7085  6428
7086  6430
7087  6429
7088  2845
7089  6434
7090  6432
7092  1111
7094  1444
7095  6436
7096  6435
7098  6437
7099  6438
7100  6439
7101  1511
7103  6440
7104  6441
7106  6442
7107  6443
7108  1100
7109  6444
7110  2641
7111  6445
7112  6446
7113  6447
7114  6448
7115  1084
7116  1652
7117  6450
7118  6449
7119  1043
7120  2642
7121  6451
7122  6453
7123  6452
7124  6454
7125  6455
7126  6462
7127  6456
7128  6457
7129  6458
7130  6460
7131  1983
7132  6463
7133  6464
7134  6466
7135  6469
7136  6459
7137  6461
7138  6465
7139  6467
7140  6468
7142  6471
7143  1044
7144  1045
7145  6472
7146  3147
7149  4610
7150  6704
7151  6473
7153  6474
7154  6475
7155  6476
7156  6477
7157  6478
7158  6480
7159  6481
7160  6479
7161  338
7162  2329
7163  6482
7164  6483
7165  6484
7166  6485
7167  6486
7168  1445
7170  6608
7171  6565
7172  6487
7173  6488
7174  6489
7175  6490
7176  6493
7177  6494
7178  6491
7179  6492
7180  6641
7181  6640
7183  6495
7184  6496
7185  1512
7186  2330
7187  6497
7188  6498
7189  6499
7190  6500
7191  6501
7192  6502
7193  6503
7194  6505
7195  6506
7197  6507
7198  6508
7199  6601
7201  2643
7203  6509
7204  5198
7205  6510
7206  6511
7210  6512
7211  6513
7212  6514
7214  2359
7215  6015
7217  6515
7218  6517
7219  6516
7220  6518
7221  6519
7222  4229
7223  6520
7225  1513
7226  6521
7227  6522
7228  6523
7229  6524
7230  6526
7231  6527
7232  6528
7233  1446
7234  6529
7235  6530
7236  6531
7237  2093
7238  2094
7239  6532
7240  6533
7241  6534
7243  5199
7245  6535
7246  5602
7250  2457
7251  6536
7252  6537
7253  6538
7254  3869
7255  6539
7257  4615
7260  6540
7262  2644
7265  6541
7266  6542
7267  6543
7268  6544
7269  6545
7270  6546
7271  6547
7273  5603
7276  6548
7277  1919
7278  6549
7279  1228
7280  1514
7281  6573
7282  6550
7283  6551
7284  6552
7285  6553
7286  6554
7287  6555
7289  1085
7290  3964
7291  6556
7292  4898
7293  6557
7294  6570
7295  1160
7296  6559
7297  5285
7298  6560
7299  6561
7300  6562
7301  1632
7302  6563
7304  3513
7305  6564
7306  1956
7309  6566
7310  6567
7315  4762
7316  3864
7317  6568
7318  5257
7319  3634
7320  6569
7321  6606
7323  2331
7326  6571
7327  6572
7329  6574
7330  6576
7332  6577
7333  6575
7335  6578
7336  6579
7337  6580
7341  1447
7342  6581
7343  6583
7344  6584
7345  6582
7347  6585
7348  6586
7349  6587
7350  6588
7351  1984
7352  6589
7353  6590
7354  6591
7355  6592
7357  6600
7359  5478
7360  6593
7362  3635
7363  6594
7365  5286
7371  6595
7372  6885
7373  1515
7374  6596
7376  6683
7377  6597
7378  2402
7379  6598
7380  6599
7381  1311
7382  6602
7383  6603
7386  2332
7387  4399
7389  2095
7390  6604
7391  2333
7392  6605
7393  1516
7394  6607
7397  2334
7400  1517
7401  6609
7402  6610
7403  6611
7404  6612
7405  6613
7407  2509
7409  6614
7413  6615
7414  1518
7415  6703
7416  6616
7417  6617
7418  6618
7419  6619
7420  6620
7421  6621
7422  1920
7423  3746
7424  6622
7425  6623
7426  6624
7427  6625
7428  6626
7429  6627
7430  6628
7431  6629
7434  4929
7436  2569
7439  2510
7440  3999
7441  6630
7442  1633
7443  1883
7444  6631
7445  6634
7446  6635
7447  6636
7448  6633
7449  2335
7450  1889
7451  6637
7452  6638
7453  6639
7454  6642
7455  6643
7456  6644
7457  6645
7458  6646
7459  6647
7461  6648
7462  6649
7465  6650
7466  6652
7467  6651
7468  6655
7469  6656
7470  6659
7471  6677
7472  7057
7473  6653
7474  6654
7476  6657
7477  6658
7478  5
7480  6661
7481  6662
7482  6663
7483  6664
7484  6665
7485  6666
7486  6667
7487  6668
7490  3413
7491  2096
7492  6669
7493  1653
7494  6670
7495  6671
7497  1884
7498  5342
7501  6672
7502  6673
7503  6674
7505  6675
7506  5722
7508  5694
7509  6676
7510  2398
7511  6678
7512  1939
7513  6681
7514  6679
7515  6680
7517  2336
7518  6682
7520  5353
7522  6684
7523  6685
7524  6686
7525  6687
7527  6688
7528  6689
7529  2097
7531  6690
7533  5688
7534  5604
7535  6693
7536  6694
7537  6695
7538  6691
7540  6692
7544  1448
7545  6697
7546  6698
7549  6696
7550  6699
7553  1261
7554  6700
7557  5144
7561  2098
7563  6701
7564  6702
7565  6705
7567  2337
7569  6706
7570  6707
7571  6708
7572  6709
7574  1334
7576  6710
7577  6711
7578  6712
7579  6714
7580  6715
7581  6716
7583  5684
7585  6717
7586  6718
7587  1654
7588  1335
7590  5947
7593  2338
7594  6719
7595  6720
7597  6721
7598  6722
7599  6723
7600  6724
7601  6745
7602  6725
7604  1655
7605  6726
7608  6728
7609  6732
7610  6729
7611  6730
7613  6731
7614  6733
7615  6734
7616  6735
7617  6736
7618  1356
7619  6737
7620  1229
7623  6738
7624  1190
7625  6739
7626  6740
7629  6742
7630  6741
7632  339
7634  2645
7636  6344
7637  7109
7638  6744
7639  6743
7642  5211
7644  6746
7645  6747
7646  2166
7647  1656
7648  1657
7649  1312
7650  6751
7651  1580
7652  1658
7653  5333
7658  2339
7659  6749
7660  6750
7661  6752
7662  1313
7663  6753
7664  6754
7665  6755
7666  2340
7668  1519
7669  2341
7670  6756
7672  1659
7673  2342
7675  2343
7676  6757
7677  6758
7678  6759
7679  6760
7682  6761
7683  2364
7684  6762
7685  6763
7686  6765
7687  6764
7688  1885
7690  5700
7691  2360
7694  1520
7695  1711
7696  6766
7697  6767
7698  6768
7699  1576
7701  1660
7703  6769
7704  6770
7705  6771
7706  6772
7707  1985
7708  4317
7715  6773
7716  6774
7717  6777
7719  6775
7720  6778
7721  6779
7724  6780
7726  947
7727  6782
7728  6781
7729  6783
7730  2344
7732  6784
7733  6785
7734  3896
7735  3971
7736  6786
7737  6787
7738  6788
7740  5523
7741  6789
7742  6790
7743  6791
7744  6792
7745  6793
7747  6794
7750  6795
7751  6796
7752  6797
7753  6798
7754  6863
7755  6799
7756  6800
7757  1521
7758  6801
7759  6802
7760  6803
7761  6804
7762  6805
7763  1522
7765  6110
7766  6806
7767  6807
7768  6808
7769  6809
7770  6810
7771  6811
7772  6812
7773  6813
7774  6814
7775  6815
7777  6816
7778  2345
7779  6817
7780  6818
7781  6819
7782  6820
7783  6821
7788  1523
7789  6822
7790  6823
7791  2099
7792  6824
7795  1449
7796  6825
7797  6426
7799  2346
7800  6826
7801  6828
7802  6830
7803  1336
7804  6827
7805  6829
7806  6831
7808  6832
7809  1270
7810  1524
7812  6833
7813  1695
7814  6834
7815  6835
7818  6836
7819  2347
7821  6837
7822  6838
7826  6839
7827  6840
7828  6841
7829  6842
7830  6843
7831  6844
7832  6845
7833  1852
7834  6846
7835  2100
7836  6847
7837  6848
7839  1450
7840  6133
7841  6849
7842  6850
7843  6851
7844  6852
7845  6853
7848  6854
7849  6855
7850  6857
7851  6858
7852  6856
7853  6860
7854  6861
7855  1529
7856  6862
7857  3636
7860  2101
7861  7066
7862  1530
7863  6864
7864  6865
7865  6866
7866  6867
7867  6868
7868  6869
7869  6896
7870  6870
7871  910
7873  6871
7874  2348
7875  6872
7877  6873
7878  6874
7879  2399
7881  6345
7882  2400
7883  6876
7884  6877
7885  6875
7886  6878
7887  6879
7888  6880
7889  6881
7890  1940
7891  6882
7892  6883
7893  6884
7894  6886
7899  2426
7900  6887
7901  6888
7902  6889
7903  6890
7904  6891
7905  6892
7906  6893
7907  6894
7908  1086
7909  5080
7910  1870
7911  6895
7912  2220
7913  5343
7914  6897
7915  6898
7916  6899
7919  6900
7920  6901
7921  1271
7922  6902
7923  6903
7924  1525
7925  6904
7927  1661
7928  3486
7929  6906
7930  6905
7931  6909
7932  6907
7933  6908
7934  6910
7935  6911
7937  6912
7938  6913
7939  6914
7940  6915
7941  6916
7942  6917
7944  6918
7945  6919
7946  2102
7948  6920
7949  6921
7950  6922
7952  4807
7953  6923
7954  6924
7955  6925
7956  6926
7957  2103
7959  6927
7960  6928
7961  1212
7964  6929
7965  2104
7966  6930
7967  6933
7968  6931
7969  6932
7970  6934
7972  6935
7973  6936
7974  6937
7975  6938
7976  6939
7978  6940
7979  2105
7980  6941
7981  6942
7982  6943
7985  6944
7986  6748
7991  6346
7992  1999
7993  6945
7994  3316
7995  6946
7996  3637
7998  6947
7999  6948
8000  6949
8001  6950
8002  2646
8005  6951
8006  6952
8007  6347
8009  6953
8010  6954
8011  6955
8012  6956
8013  6957
8014  6958
8015  6959
8019  3023
8020  6960
8021  6247
8023  6994
8024  3694
8025  6084
8027  6961
8028  5184
8033  3382
8035  6962
8036  6963
8037  1871
8038  4508
8040  6964
8041  6965
8042  1230
8043  4999
8044  2106
8045  6966
8046  6967
8047  6968
8048  6969
8049  6970
8050  2107
8051  1451
8052  6971
8053  6972
8054  6973
8055  6974
8056  6975
8057  6976
8058  5367
8060  6977
8061  6978
8062  6979
8063  6980
8064  6981
8065  6982
8066  6983
8068  3638
8069  6984
8070  6985
8071  6986
8072  6987
8073  2401
8074  6988
8075  6990
8076  6989
8077  6991
8079  1712
8080  6992
8081  6993
8083  1713
8084  6995
8085  6996
8086  6997
8087  6998
8088  6999
8089  7000
8090  4808
8091  7001
8092  7002
8093  7003
8094  7004
8095  7005
8096  7006
8097  7033
8098  7007
8099  7008
8100  7009
8101  7010
8102  7011
8103  7013
8104  7014
8105  7015
8106  7018
8107  7019
8108  7012
8109  7022
8110  7023
8111  7016
8112  7017
8114  7020
8115  7021
8118  7024
8119  7025
8120  7026
8121  1767
8122  2556
8124  2557
8126  7027
8128  1231
8130  2558
8131  7028
8132  1337
8133  7029
8134  1714
8135  7030
8136  7032
8137  7034
8138  7031
8139  4894
8140  7035
8141  1314
8142  7036
8144  7037
8145  7038
8146  7039
8147  7040
8148  2991
8149  2989
8150  7113
8152  7041
8153  7042
8155  7043
8156  7044
8157  7047
8158  7045
8159  7046
8161  7048
8162  7049
8163  1715
8165  6713
8166  7050
8167  7051
8168  2349
8169  3639
8170  7052
8171  7053
8172  7054
8173  7055
8174  1087
8175  3414
8177  7056
8178  1452
8179  7058
8180  7060
8181  7061
8182  7062
8183  7063
8184  7059
8186  3123
8187  7064
8189  7065
8190  7067
8192  2350
8193  7068
8194  7069
8195  7070
8196  7071
8197  7072
8198  1716
8199  7073
8202  7074
8203  7075
8204  2351
8205  7077
8206  7076
8209  2108
8211  7078
8212  1130
8213  7079
8214  7088
8215  7080
8216  7081
8219  2109
8221  7082
8222  7083
8224  2110
8225  3317
8226  2111
8227  3993
8229  7096
8231  7084
8232  7085
8233  7086
8235  2990
8236  7087
8237  1172
8238  7089
8241  7090
8242  7091
8243  7092
8244  7093
8245  7094
8246  2458
8248  7095
8249  2112
8251  7097
8252  7098
8253  7099
8254  7100
8255  7101
8256  7102
8260  7103
8261  7104
8262  7105
8263  4203
8264  7106
8265  7107
8266  7108
8270  7110
8271  5685
8272  7111
8273  7112
8274  7114
8275  3080
8276  5798
8277  5270
8282  102
8283  28
8284  103
8285  900
8286  882
8287  349
8288  948
8289  2229
8290  340
8291  883
8292  911
8293  884
8294  1131
8295  1112
8296  3578
8297  1526
