0  5
1  0
2  273
3  33
4  137
5  0
6  23
7  133
8  41
9  7
10  2
11  21
12  63
13  79
14  0
15  0
16  0
17  0
18  21
19  1
20  117
21  2
22  0
23  5
24  13
25  8
26  8
27  0
28  0
29  90
30  302
31  182
32  39
33  74
34  150
35  24
36  65
37  14
38  64
39  31
40  59
41  122
42  80
43  132
44  61
45  19
46  13
47  25
48  1
49  0
50  86
51  8
52  8
53  7
54  76
55  39
56  0
57  13
58  244
59  142
60  230
61  0
62  25
63  80
64  18
65  0
66  3
67  0
68  0
69  0
70  0
71  145
72  4
73  0
74  0
75  8
76  4
77  0
78  24
79  4
80  8
81  12
82  214
83  16
84  98
85  14
86  13
87  19
88  5
89  1
90  6
91  95
92  1
93  0
94  0
95  0
96  0
97  0
98  12
99  45
100  0
101  0
102  0
103  0
104  29
105  86
106  14
107  24
108  13
109  30
110  58
111  74
112  23
113  2
114  47
115  3
116  23
117  0
118  29
119  1
120  1
121  9
122  0
123  9
124  1
125  5
126  29
127  7
128  70
129  0
130  8
131  0
132  5
133  6
134  39
135  0
136  6
137  56
138  0
139  6
140  71
141  2
142  1
143  79
144  140
145  199
146  0
147  1
148  0
149  0
150  1
151  0
152  0
153  0
154  0
155  19
156  34
157  0
158  6
159  0
160  157
161  0
162  0
163  8
164  15
165  0
166  15
167  0
168  4
169  0
170  0
171  2
172  1
173  0
174  0
175  46
176  0
177  7
178  2
179  24
180  0
181  0
182  81
183  1
184  34
185  8
186  0
187  8
188  0
189  0
190  317
191  41
192  16
193  4
194  272
195  16
196  249
197  5
198  59
199  0
200  7
201  6
202  1
203  119
204  0
205  9
206  3
207  149
208  1
209  0
210  0
211  22
212  3
213  0
214  72
215  0
216  65
217  0
218  1
219  0
220  238
221  0
222  0
223  0
224  14
225  0
226  39
227  12
228  21
229  196
230  156
231  37
232  7
233  0
234  4
235  24
236  158
237  5
238  0
239  0
240  77
241  0
242  16
243  35
244  21
245  51
246  8
247  76
248  0
249  6
250  33
251  0
252  32
253  9
254  0
255  183
256  9
257  41
258  20
259  3
260  0
261  0
262  8
263  20
264  72
265  1
266  0
267  0
268  0
269  0
270  117
271  64
272  0
273  28
274  38
275  41
276  2
277  0
278  0
279  0
280  4
281  35
282  0
283  0
284  0
285  81
286  587
287  79
288  0
289  0
290  0
291  3
292  0
293  5
294  0
295  12
296  4
297  2
298  0
299  0
300  0
301  0
302  6
303  0
304  0
305  2
306  3
307  112
308  6
309  0
310  0
311  2
312  0
313  0
314  57
315  0
316  0
317  0
318  0
319  0
320  29
321  0
322  269
323  0
324  57
325  0
326  15
327  2
328  62
329  0
330  3
331  230
332  2
333  1
334  135
335  1
336  11
337  0
338  0
339  0
340  0
341  24
342  4
343  3
344  0
345  4
346  31
347  0
348  112
349  0
350  227
351  15
352  0
353  28
354  0
355  0
356  18
357  0
358  0
359  2
360  0
361  1
362  0
363  11
364  25
365  1
366  6
367  16
368  2
369  0
370  0
371  23
372  4
373  6
374  66
375  1
376  0
377  0
378  34
379  0
380  11
381  45
382  0
383  0
384  0
385  0
386  7
387  2
388  0
389  0
390  81
391  0
392  4
393  31
394  17
395  47
396  3
397  9
398  37
399  0
400  0
401  96
402  12
403  18
404  0
405  0
406  1
407  0
408  743
409  50
410  164
411  2
412  12
413  6
414  54
415  0
416  41
417  1
418  2
419  4
420  5
421  17
422  3
423  3
424  27
425  32
426  2
427  28
428  123
429  105
430  264
431  1
432  50
433  68
434  34
435  7
436  0
437  6
438  90
439  165
440  0
441  26
442  4
443  36
444  0
445  0
446  16
447  13
448  5
449  1
450  9
451  0
452  0
453  22
454  46
455  80
456  0
457  30
458  0
459  110
460  27
461  42
462  0
463  5
464  11
465  6
466  0
467  4
468  60
469  138
470  7
471  5
472  19
473  33
474  2
475  74
476  5
477  88
478  60
479  20
480  62
481  13
482  135
483  472
484  2
485  39
486  13
487  43
488  0
489  0
490  9
491  2
492  107
493  35
494  22
495  79
496  33
497  1
498  5
499  0
500  45
501  2
502  124
503  8
504  20
505  31
506  65
507  9
508  290
509  0
510  2
511  181
512  12
513  0
514  30
515  22
516  0
517  462
518  4
519  14
520  17
521  35
522  0
523  3
524  1
525  0
526  0
527  12
528  0
529  0
530  2
531  26
532  0
533  157
534  210
535  3
536  99
537  2
538  244
539  28
540  42
541  8
542  46
543  87
544  102
545  30
546  355
547  15
548  80
549  50
550  12
551  0
552  0
553  1
554  3
555  5
556  0
557  2
558  9
559  66
560  0
561  4
562  6
563  25
564  70
565  93
566  4
567  34
568  5
569  0
570  19
571  45
572  18
573  7
574  3
575  68
576  16
577  67
578  0
579  141
580  0
581  0
582  0
583  2
584  43
585  10
586  73
587  16
588  0
589  47
590  16
591  1
592  8
593  1
594  3
595  0
596  0
597  36
598  0
599  1
600  0
601  9
602  0
603  2
604  0
605  0
606  0
607  13
608  9
609  0
610  0
611  34
612  2
613  0
614  56
615  0
616  36
617  66
618  16
619  88
620  0
621  0
622  10
623  0
624  0
625  121
626  0
627  7
628  0
629  0
630  0
631  28
632  8
633  6
634  7
635  0
636  47
637  39
638  23
639  5
640  3
641  14
642  0
643  23
644  145
645  0
646  0
647  3
648  3
649  2
650  1
651  12
652  0
653  0
654  14
655  17
656  241
657  108
658  14
659  8
660  22
661  0
662  49
663  0
664  14
665  9
666  215
667  0
668  36
669  0
670  0
671  0
672  0
673  0
674  0
675  14
676  71
677  72
678  0
679  0
680  0
681  34
682  141
683  0
684  35
685  31
686  0
687  2
688  0
689  0
690  324
691  0
692  0
693  100
694  46
695  13
696  5
697  47
698  11
699  893
700  1
701  0
702  0
703  0
704  60
705  12
706  32
707  49
708  0
709  29
710  46
711  0
712  0
713  39
714  113
715  49
716  44
717  6
718  0
719  0
720  156
721  64
722  0
723  33
724  25
725  0
726  23
727  0
728  35
729  0
730  4
731  0
732  19
733  139
734  282
735  29
736  35
737  62
738  47
739  44
740  5
741  28
742  15
743  123
744  0
745  52
746  175
747  189
748  38
749  32
750  34
751  62
752  81
753  1
754  0
755  16
756  0
757  2
758  88
759  24
760  56
761  95
762  8
763  20
764  58
765  4
766  18
767  13
768  156
769  89
770  9
771  88
772  20
773  271
774  131
775  319
776  148
777  69
778  56
779  0
780  18
781  0
782  0
783  10
784  40
785  147
786  24
787  144
788  91
789  63
790  40
791  0
792  87
793  36
794  0
795  30
796  232
797  3
798  45
799  0
800  53
801  20
802  18
803  0
804  5
805  0
806  0
807  0
808  85
809  15
810  0
811  0
812  0
813  21
814  0
815  2
816  104
817  0
818  89
819  3
820  0
821  131
822  29
823  0
824  1
825  50
826  16
827  0
828  2
829  53
830  1
831  0
832  0
833  24
834  1
835  11
836  3
837  0
838  2
839  38
840  0
841  32
842  0
843  0
844  15
845  0
846  0
847  12
848  0
849  0
850  14
851  45
852  0
853  0
854  19
855  46
856  3
857  25
858  0
859  4
860  0
861  0
862  20
863  0
864  1
865  12
866  0
867  0
868  18
869  0
870  0
871  0
872  0
873  33
874  0
875  0
876  0
877  385
878  14
879  0
880  0
881  0
882  0
883  0
884  0
885  65
886  158
887  100
888  9
889  0
890  2
891  11
892  114
893  14
894  1
895  0
896  5
897  0
898  0
899  13
900  0
901  9
902  232
903  36
904  143
905  62
906  0
907  15
908  1
909  0
910  0
911  0
912  15
913  45
914  12
915  187
916  27
917  79
918  16
919  26
920  16
921  9
922  121
923  4
924  0
925  2
926  17
927  3
928  0
929  149
930  46
931  0
932  0
933  39
934  241
935  0
936  205
937  0
938  0
939  44
940  42
941  0
942  144
943  67
944  19
945  1
946  6
947  3
948  0
949  76
950  18
951  0
952  2
953  9
954  0
955  135
956  6
957  0
958  309
959  321
960  55
961  93
962  146
963  91
964  2
965  61
966  6
967  91
968  13
969  41
970  91
971  4
972  47
973  1
974  55
975  23
976  6
977  129
978  105
979  28
980  31
981  34
982  58
983  32
984  111
985  1
986  124
987  49
988  44
989  93
990  180
991  164
992  126
993  45
994  103
995  11
996  18
997  43
998  6
999  0
1000  0
1001  0
1002  0
1003  7
1004  19
1005  4
1006  0
1007  0
1008  0
1009  0
1010  0
1011  156
1012  44
1013  27
1014  82
1015  2
1016  33
1017  52
1018  278
1019  40
1020  0
1021  121
1022  4
1023  0
1024  0
1025  69
1026  5
1027  2
1028  0
1029  48
1030  22
1031  3
1032  30
1033  0
1034  26
1035  76
1036  0
1037  0
1038  1
1039  14
1040  1
1041  0
1042  0
1043  0
1044  0
1045  0
1046  0
1047  0
1048  0
1049  0
1050  9
1051  6
1052  599
1053  122
1054  146
1055  164
1056  45
1057  9
1058  24
1059  38
1060  39
1061  5
1062  10
1063  69
1064  0
1065  155
1066  0
1067  153
1068  40
1069  62
1070  27
1071  9
1072  172
1073  0
1074  39
1075  11
1076  23
1077  33
1078  98
1079  2
1080  68
1081  2
1082  13
1083  0
1084  0
1085  0
1086  0
1087  0
1088  20
1089  145
1090  0
1091  24
1092  11
1093  95
1094  0
1095  30
1096  89
1097  15
1098  41
1099  28
1100  0
1101  4
1102  44
1103  0
1104  94
1105  23
1106  73
1107  0
1108  66
1109  0
1110  0
1111  93
1112  0
1113  8
1114  59
1115  4
1116  0
1117  146
1118  103
1119  0
1120  27
1121  16
1122  0
1123  11
1124  10
1125  9
1126  0
1127  11
1128  7
1129  15
1130  0
1131  0
1132  21
1133  24
1134  1
1135  39
1136  8
1137  79
1138  9
1139  1
1140  0
1141  20
1142  0
1143  0
1144  24
1145  53
1146  271
1147  2
1148  81
1149  7
1150  40
1151  0
1152  105
1153  14
1154  0
1155  4
1156  44
1157  68
1158  0
1159  142
1160  13
1161  3
1162  0
1163  224
1164  60
1165  0
1166  1
1167  0
1168  0
1169  13
1170  38
1171  17
1172  0
1173  94
1174  21
1175  0
1176  20
1177  65
1178  105
1179  26
1180  10
1181  0
1182  0
1183  357
1184  0
1185  0
1186  44
1187  28
1188  0
1189  9
1190  0
1191  17
1192  7
1193  0
1194  102
1195  189
1196  2
1197  5
1198  36
1199  11
1200  168
1201  0
1202  0
1203  0
1204  0
1205  1
1206  1
1207  2
1208  44
1209  8
1210  11
1211  7
1212  0
1213  28
1214  92
1215  102
1216  114
1217  8
1218  19
1219  13
1220  32
1221  389
1222  0
1223  6
1224  24
1225  0
1226  0
1227  5
1228  19
1229  0
1230  1
1231  0
1232  13
1233  2
1234  41
1235  0
1236  53
1237  0
1238  25
1239  18
1240  2
1241  8
1242  2
1243  17
1244  1
1245  1
1246  26
1247  146
1248  0
1249  0
1250  18
1251  4
1252  1
1253  43
1254  4
1255  0
1256  2
1257  11
1258  108
1259  95
1260  0
1261  0
1262  109
1263  1
1264  33
1265  0
1266  5
1267  0
1268  0
1269  3
1270  0
1271  0
1272  195
1273  1
1274  247
1275  108
1276  1
1277  173
1278  19
1279  22
1280  4
1281  17
1282  4
1283  2
1284  4
1285  0
1286  0
1287  228
1288  38
1289  139
1290  3
1291  15
1292  0
1293  0
1294  1
1295  12
1296  36
1297  18
1298  0
1299  0
1300  1
1301  12
1302  0
1303  22
1304  10
1305  0
1306  0
1307  0
1308  0
1309  0
1310  1
1311  0
1312  10
1313  0
1314  0
1315  1
1316  0
1317  68
1318  7
1319  0
1320  0
1321  72
1322  29
1323  5
1324  1
1325  24
1326  6
1327  10
1328  17
1329  41
1330  43
1331  1
1332  3
1333  29
1334  0
1335  8
1336  0
1337  0
1338  2
1339  5
1340  8
1341  15
1342  5
1343  1
1344  68
1345  0
1346  44
1347  81
1348  17
1349  0
1350  222
1351  27
1352  0
1353  29
1354  0
1355  0
1356  3
1357  3
1358  2
1359  30
1360  9
1361  45
1362  275
1363  2
1364  31
1365  39
1366  121
1367  45
1368  7
1369  2
1370  6
1371  50
1372  2
1373  53
1374  104
1375  29
1376  33
1377  19
1378  0
1379  7
1380  44
1381  18
1382  0
1383  5
1384  0
1385  82
1386  95
1387  0
1388  30
1389  2
1390  1
1391  16
1392  65
1393  4
1394  0
1395  27
1396  7
1397  1
1398  1
1399  4
1400  0
1401  53
1402  115
1403  14
1404  217
1405  211
1406  17
1407  24
1408  0
1409  59
1410  0
1411  0
1412  6
1413  26
1414  63
1415  44
1416  0
1417  2
1418  7
1419  0
1420  4
1421  139
1422  4
1423  10
1424  0
1425  83
1426  41
1427  0
1428  0
1429  0
1430  1
1431  0
1432  4
1433  2
1434  0
1435  0
1436  1
1437  0
1438  1
1439  0
1440  0
1441  0
1442  42
1443  16
1444  0
1445  0
1446  22
1447  2
1448  11
1449  0
1450  0
1451  8
1452  0
1453  1
1454  1
1455  1
1456  4
1457  190
1458  95
1459  8
1460  15
1461  6
1462  9
1463  202
1464  3
1465  4
1466  0
1467  51
1468  12
1469  22
1470  0
1471  28
1472  2
1473  4
1474  45
1475  3
1476  61
1477  41
1478  15
1479  12
1480  50
1481  5
1482  39
1483  0
1484  2
1485  0
1486  0
1487  4
1488  0
1489  0
1490  0
1491  33
1492  0
1493  0
1494  29
1495  35
1496  0
1497  0
1498  177
1499  0
1500  0
1501  6
1502  0
1503  0
1504  0
1505  65
1506  47
1507  0
1508  13
1509  15
1510  161
1511  0
1512  0
1513  47
1514  89
1515  0
1516  12
1517  15
1518  0
1519  0
1520  0
1521  0
1522  0
1523  0
1524  9
1525  2
1526  0
1527  95
1528  3
1529  0
1530  11
1531  29
1532  8
1533  1
1534  9
1535  213
1536  20
1537  77
1538  34
1539  4
1540  1
1541  7
1542  19
1543  142
1544  168
1545  79
1546  40
1547  0
1548  55
1549  2
1550  5
1551  26
1552  7
1553  0
1554  0
1555  10
1556  1
1557  81
1558  0
1559  15
1560  1
1561  0
1562  0
1563  0
1564  0
1565  9
1566  60
1567  3
1568  24
1569  0
1570  19
1571  0
1572  0
1573  0
1574  1
1575  0
1576  0
1577  89
1578  83
1579  19
1580  0
1581  1
1582  3
1583  1
1584  25
1585  86
1586  120
1587  13
1588  1
1589  51
1590  0
1591  0
1592  18
1593  0
1594  0
1595  3
1596  4
1597  10
1598  80
1599  0
1600  17
1601  4
1602  7
1603  0
1604  1
1605  4
1606  10
1607  2
1608  99
1609  1
1610  51
1611  5
1612  15
1613  2
1614  0
1615  12
1616  14
1617  4
1618  8
1619  10
1620  78
1621  0
1622  0
1623  0
1624  0
1625  0
1626  0
1627  0
1628  4
1629  1
1630  0
1631  40
1632  27
1633  0
1634  1
1635  72
1636  37
1637  1
1638  25
1639  94
1640  3
1641  1
1642  18
1643  312
1644  0
1645  1
1646  0
1647  2
1648  1
1649  28
1650  2
1651  81
1652  1
1653  4
1654  0
1655  0
1656  4
1657  1
1658  0
1659  0
1660  3
1661  0
1662  4
1663  44
1664  39
1665  7
1666  1
1667  1
1668  32
1669  0
1670  0
1671  4
1672  0
1673  3
1674  1
1675  123
1676  24
1677  181
1678  57
1679  68
1680  2
1681  52
1682  0
1683  0
1684  0
1685  3
1686  0
1687  334
1688  1
1689  29
1690  68
1691  0
1692  21
1693  0
1694  19
1695  0
1696  1
1697  69
1698  39
1699  19
1700  42
1701  48
1702  0
1703  17
1704  54
1705  3
1706  93
1707  7
1708  44
1709  190
1710  18
1711  3
1712  0
1713  0
1714  1
1715  0
1716  0
1717  4
1718  5
1719  37
1720  3
1721  200
1722  1
1723  1
1724  2
1725  11
1726  1
1727  1
1728  17
1729  2
1730  13
1731  1
1732  21
1733  6
1734  31
1735  35
1736  12
1737  1
1738  1
1739  6
1740  10
1741  1
1742  29
1743  100
1744  0
1745  14
1746  3
1747  4
1748  1
1749  1
1750  10
1751  4
1752  19
1753  0
1754  1
1755  5
1756  2
1757  4
1758  3
1759  11
1760  50
1761  75
1762  1
1763  1
1764  2
1765  41
1766  21
1767  0
1768  1
1769  3
1770  1
1771  3
1772  1
1773  25
1774  0
1775  10
1776  6
1777  1
1778  75
1779  0
1780  0
1781  22
1782  3
1783  1
1784  1
1785  31
1786  3
1787  0
1788  13
1789  1
1790  3
1791  30
1792  14
1793  8
1794  7
1795  2
1796  56
1797  2
1798  8
1799  1
1800  2
1801  7
1802  1
1803  1
1804  1
1805  35
1806  252
1807  68
1808  0
1809  0
1810  1
1811  6
1812  3
1813  5
1814  10
1815  1
1816  4
1817  0
1818  93
1819  16
1820  15
1821  3
1822  6
1823  1
1824  0
1825  68
1826  68
1827  64
1828  139
1829  14
1830  5
1831  2
1832  5
1833  7
1834  1
1835  1
1836  30
1837  1
1838  2
1839  7
1840  1
1841  4
1842  0
1843  64
1844  13
1845  3
1846  123
1847  0
1848  90
1849  19
1850  0
1851  12
1852  4
1853  227
1854  77
1855  3
1856  7
1857  3
1858  16
1859  13
1860  0
1861  0
1862  113
1863  14
1864  0
1865  0
1866  0
1867  1
1868  11
1869  4
1870  4
1871  1
1872  6
1873  1
1874  1
1875  12
1876  4
1877  8
1878  8
1879  13
1880  2
1881  46
1882  1
1883  10
1884  0
1885  0
1886  0
1887  31
1888  31
1889  0
1890  1
1891  30
1892  0
1893  2
1894  0
1895  2
1896  4
1897  3
1898  0
1899  9
1900  25
1901  37
1902  0
1903  0
1904  20
1905  7
1906  0
1907  11
1908  1
1909  9
1910  6
1911  2
1912  21
1913  14
1914  8
1915  14
1916  1
1917  5
1918  0
1919  4
1920  0
1921  3
1922  1
1923  37
1924  3
1925  2
1926  1
1927  11
1928  16
1929  45
1930  103
1931  1
1932  1
1933  42
1934  8
1935  1
1936  22
1937  0
1938  41
1939  0
1940  0
1941  1
1942  7
1943  0
1944  6
1945  12
1946  1
1947  5
1948  2
1949  22
1950  0
1951  34
1952  16
1953  0
1954  0
1955  75
1956  0
1957  1
1958  2
1959  6
1960  1
1961  1
1962  3
1963  2
1964  1
1965  7
1966  6
1967  66
1968  2
1969  2
1970  30
1971  79
1972  0
1973  75
1974  0
1975  44
1976  2
1977  12
1978  9
1979  0
1980  2
1981  1
1982  0
1983  24
1984  2
1985  0
1986  41
1987  5
1988  11
1989  114
1990  2
1991  0
1992  6
1993  1
1994  1
1995  1
1996  21
1997  1
1998  1
1999  0
2000  2
2001  1
2002  1
2003  9
2004  0
2005  0
2006  1
2007  1
2008  2
2009  1
2010  9
2011  4
2012  5
2013  732
2014  0
2015  8
2016  1
2017  0
2018  8
2019  0
2020  1
2021  0
2022  2
2023  7
2024  0
2025  29
2026  50
2027  2
2028  0
2029  0
2030  101
2031  0
2032  28
2033  169
2034  1
2035  14
2036  0
2037  9
2038  0
2039  0
2040  21
2041  6
2042  0
2043  0
2044  2
2045  0
2046  0
2047  0
2048  3
2049  1
2050  14
2051  0
2052  2
2053  21
2054  0
2055  0
2056  0
2057  0
2058  0
2059  33
2060  0
2061  0
2062  0
2063  0
2064  0
2065  80
2066  0
2067  0
2068  0
2069  53
2070  35
2071  0
2072  88
2073  0
2074  4
2075  0
2076  11
2077  1
2078  4
2079  0
2080  0
2081  0
2082  0
2083  0
2084  0
2085  0
2086  0
2087  4
2088  0
2089  0
2090  191
2091  0
2092  0
2093  15
2094  9
2095  2
2096  0
2097  0
2098  0
2099  4
2100  3
2101  2
2102  0
2103  0
2104  0
2105  0
2106  0
2107  9
2108  0
2109  0
2110  0
2111  0
2112  0
2113  4
2114  3
2115  4
2116  4
2117  6
2118  0
2119  0
2120  12
2121  1
2122  8
2123  1
2124  1
2125  8
2126  1
2127  1
2128  1
2129  1
2130  5
2131  1
2132  1
2133  3
2134  3
2135  2
2136  2
2137  14
2138  10
2139  4
2140  1
2141  1
2142  4
2143  3
2144  1
2145  1
2146  1
2147  1
2148  1
2149  5
2150  1
2151  1
2152  4
2153  1
2154  1
2155  1
2156  7
2157  1
2158  4
2159  5
2160  2
2161  1
2162  3
2163  7
2164  1
2165  2
2166  0
2167  142
2168  0
2169  8
2170  0
2171  27
2172  23
2173  0
2174  1
2175  2
2176  1
2177  1
2178  1
2179  2
2180  22
2181  6
2182  3
2183  121
2184  1
2185  1
2186  4
2187  1
2188  1
2189  1
2190  1
2191  1
2192  4
2193  1
2194  5
2195  1
2196  5
2197  1
2198  1
2199  1
2200  30
2201  95
2202  127
2203  1
2204  26
2205  34
2206  0
2207  0
2208  0
2209  3
2210  22
2211  2
2212  2
2213  1
2214  1
2215  1
2216  2
2217  1
2218  1
2219  0
2220  0
2221  1
2222  1
2223  1
2224  1
2225  10
2226  35
2227  6
2228  14
2229  0
2230  1
2231  3
2232  1
2233  0
2234  150
2235  3
2236  6
2237  0
2238  0
2239  0
2240  17
2241  66
2242  1
2243  4
2244  2
2245  3
2246  2
2247  40
2248  0
2249  19
2250  2
2251  1
2252  2
2253  2
2254  1
2255  2
2256  2
2257  5
2258  15
2259  0
2260  2
2261  31
2262  1
2263  1
2264  0
2265  1
2266  1
2267  1
2268  5
2269  47
2270  3
2271  3
2272  1
2273  118
2274  0
2275  8
2276  4
2277  1
2278  0
2279  51
2280  1
2281  1
2282  0
2283  1
2284  19
2285  4
2286  1
2287  1
2288  0
2289  1
2290  1
2291  0
2292  0
2293  1
2294  18
2295  0
2296  0
2297  0
2298  5
2299  0
2300  3
2301  0
2302  0
2303  100
2304  4
2305  2
2306  32
2307  5
2308  1
2309  1
2310  4
2311  49
2312  6
2313  15
2314  9
2315  1
2316  15
2317  4
2318  52
2319  23
2320  91
2321  0
2322  33
2323  3
2324  77
2325  11
2326  3
2327  16
2328  0
2329  0
2330  0
2331  0
2332  25
2333  52
2334  0
2335  39
2336  2
2337  0
2338  3
2339  0
2340  14
2341  0
2342  0
2343  25
2344  0
2345  0
2346  0
2347  0
2348  4
2349  0
2350  0
2351  2
2352  8
2353  61
2354  1
2355  1
2356  0
2357  0
2358  11
2359  0
2360  19
2361  2
2362  20
2363  8
2364  0
2365  1
2366  2
2367  1
2368  1
2369  1
2370  2
2371  77
2372  2
2373  0
2374  773
2375  0
2376  69
2377  307
2378  43
2379  5
2380  2
2381  0
2382  5
2383  25
2384  180
2385  0
2386  14
2387  0
2388  0
2389  112
2390  2
2391  0
2392  0
2393  0
2394  4
2395  2
2396  1
2397  17
2398  0
2399  0
2400  11
2401  0
2402  38
2403  1
2404  2
2405  3
2406  3
2407  1
2408  1
2409  4
2410  2
2411  1
2412  2
2413  113
2414  4
2415  11
2416  35
2417  2
2418  8
2419  9
2420  1
2421  50
2422  0
2423  0
2424  1
2425  2
2426  0
2427  6
2428  1
2429  2
2430  6
2431  6
2432  1
2433  4
2434  3
2435  3
2436  0
2437  0
2438  3
2439  2
2440  29
2441  1
2442  1
2443  2
2444  3
2445  2
2446  0
2447  1
2448  0
2449  1
2450  0
2451  0
2452  0
2453  0
2454  0
2455  0
2456  0
2457  0
2458  0
2459  3
2460  3
2461  12
2462  1
2463  61
2464  0
2465  30
2466  1
2467  1
2468  1
2469  8
2470  2
2471  99
2472  1
2473  1
2474  2
2475  0
2476  39
2477  0
2478  8
2479  3
2480  97
2481  1
2482  11
2483  38
2484  0
2485  0
2486  1
2487  1
2488  2
2489  122
2490  0
2491  0
2492  100
2493  1
2494  3
2495  3
2496  1
2497  1
2498  1
2499  1
2500  1
2501  10
2502  10
2503  5
2504  0
2505  2
2506  0
2507  2
2508  12
2509  1
2510  0
2511  2
2512  27
2513  9
2514  7
2515  1
2516  7
2517  4
2518  1
2519  1
2520  10
2521  6
2522  1
2523  12
2524  1
2525  6
2526  2
2527  1
2528  5
2529  2
2530  4
2531  0
2532  8
2533  9
2534  1
2535  34
2536  3
2537  16
2538  1
2539  3
2540  4
2541  18
2542  2
2543  11
2544  2
2545  0
2546  1
2547  1
2548  7
2549  77
2550  292
2551  15
2552  2
2553  2
2554  0
2555  0
2556  0
2557  0
2558  0
2559  2
2560  1
2561  1
2562  1
2563  2
2564  297
2565  1
2566  30
2567  5
2568  0
2569  0
2570  1
2571  1
2572  18
2573  12
2574  8
2575  6
2576  15
2577  23
2578  1
2579  1
2580  1
2581  44
2582  1
2583  1
2584  6
2585  7
2586  6
2587  86
2588  1
2589  49
2590  41
2591  18
2592  0
2593  1
2594  41
2595  1
2596  24
2597  1
2598  2
2599  44
2600  4
2601  46
2602  1
2603  2
2604  1
2605  29
2606  16
2607  2
2608  7
2609  5
2610  1
2611  1
2612  1
2613  29
2614  3
2615  2
2616  0
2617  0
2618  5
2619  5
2620  2
2621  1
2622  4
2623  2
2624  4
2625  8
2626  8
2627  2
2628  1
2629  2
2630  2
2631  10
2632  1
2633  0
2634  305
2635  0
2636  0
2637  0
2638  0
2639  0
2640  0
2641  5
2642  18
2643  0
2644  11
2645  1
2646  0
2647  8
2648  1
2649  3
2650  2
2651  1
2652  1
2653  1
2654  1
2655  1
2656  1
2657  6
2658  15
2659  1
2660  1
2661  2
2662  62
2663  1
2664  57
2665  399
2666  44
2667  0
2668  0
2669  0
2670  0
2671  2
2672  1
2673  0
2674  0
2675  0
2676  0
2677  2
2678  0
2679  0
2680  0
2681  0
2682  3
2683  115
2684  3
2685  1
2686  3
2687  2
2688  48
2689  14
2690  3
2691  2
2692  1
2693  3
2694  1
2695  8
2696  1
2697  1
2698  1
2699  26
2700  0
2701  0
2702  30
2703  0
2704  1
2705  1
2706  10
2707  29
2708  2
2709  1
2710  1
2711  2
2712  1
2713  1
2714  1
2715  1
2716  7
2717  9
2718  1
2719  3
2720  2
2721  1
2722  0
2723  1
2724  5
2725  3
2726  4
2727  0
2728  66
2729  61
2730  1
2731  1
2732  26
2733  1
2734  1
2735  218
2736  4
2737  1
2738  2
2739  65
2740  1
2741  1
2742  1
2743  1
2744  1
2745  1
2746  1
2747  11
2748  1
2749  1
2750  14
2751  20
2752  6
2753  1
2754  11
2755  2
2756  10
2757  8
2758  1
2759  2
2760  1
2761  1
2762  1
2763  1
2764  1
2765  2
2766  1
2767  1
2768  1
2769  2
2770  1
2771  1
2772  1
2773  1
2774  69
2775  1
2776  4
2777  10
2778  0
2779  16
2780  7
2781  33
2782  1
2783  1
2784  1
2785  5
2786  3
2787  1
2788  1
2789  1
2790  101
2791  33
2792  4
2793  20
2794  0
2795  4
2796  1
2797  1
2798  2
2799  1
2800  1
2801  7
2802  1
2803  2
2804  0
2805  6
2806  1
2807  1
2808  2
2809  1
2810  3
2811  6
2812  1
2813  2
2814  1
2815  62
2816  8
2817  1
2818  3
2819  5
2820  3
2821  2
2822  4
2823  2
2824  2
2825  1
2826  3
2827  2
2828  117
2829  1
2830  3
2831  8
2832  3
2833  1
2834  20
2835  4
2836  18
2837  7
2838  1
2839  40
2840  33
2841  18
2842  1
2843  1
2844  4
2845  5
2846  1
2847  1
2848  63
2849  52
2850  4
2851  61
2852  1
2853  2
2854  1
2855  2
2856  199
2857  1
2858  1
2859  1
2860  3
2861  3
2862  1
2863  1
2864  2
2865  1
2866  1
2867  1
2868  2
2869  1
2870  8
2871  52
2872  1
2873  2
2874  0
2875  0
2876  3
2877  2
2878  1
2879  1
2880  2
2881  1
2882  79
2883  0
2884  1
2885  1
2886  3
2887  1
2888  7
2889  1
2890  1
2891  1
2892  3
2893  1
2894  1
2895  1
2896  1
2897  5
2898  1
2899  1
2900  1
2901  1
2902  48
2903  26
2904  24
2905  11
2906  7
2907  156
2908  1
2909  0
2910  1
2911  2
2912  44
2913  1
2914  52
2915  1
2916  1
2917  10
2918  0
2919  12
2920  48
2921  2
2922  3
2923  6
2924  4
2925  1
2926  16
2927  1
2928  1
2929  1
2930  1
2931  1
2932  139
2933  0
2934  3
2935  1
2936  1
2937  4
2938  1
2939  2
2940  1
2941  5
2942  1
2943  1
2944  1
2945  1
2946  1
2947  0
2948  0
2949  0
2950  0
2951  81
2952  20
2953  36
2954  0
2955  2
2956  0
2957  9
2958  1
2959  6
2960  1
2961  1
2962  3
2963  0
2964  1
2965  4
2966  2
2967  1
2968  1
2969  1
2970  1
2971  1
2972  6
2973  13
2974  1
2975  1
2976  13
2977  1
2978  1
2979  114
2980  3
2981  4
2982  1
2983  10
2984  3
2985  2
2986  1
2987  1
2988  0
2989  0
2990  0
2991  0
2992  73
2993  162
2994  1
2995  1
2996  11
2997  1
2998  39
2999  2
3000  1
3001  2
3002  2
3003  6
3004  3
3005  1
3006  1
3007  36
3008  1
3009  1
3010  48
3011  2
3012  1
3013  1
3014  1
3015  1
3016  0
3017  1
3018  1
3019  1
3020  1
3021  1
3022  55
3023  0
3024  5
3025  18
3026  1
3027  19
3028  8
3029  2
3030  1
3031  2
3032  2
3033  2
3034  1
3035  2
3036  1
3037  9
3038  1
3039  2
3040  50
3041  6
3042  0
3043  1
3044  1
3045  4
3046  5
3047  1
3048  1
3049  0
3050  9
3051  1
3052  1
3053  1
3054  6
3055  1
3056  1
3057  1
3058  1
3059  10
3060  14
3061  1
3062  14
3063  1
3064  1
3065  1
3066  1
3067  1
3068  1
3069  9
3070  0
3071  1
3072  3
3073  1
3074  9
3075  6
3076  1
3077  1
3078  76
3079  0
3080  0
3081  1
3082  1
3083  89
3084  1
3085  2
3086  47
3087  1
3088  2
3089  4
3090  27
3091  97
3092  0
3093  0
3094  2
3095  5
3096  1
3097  1
3098  8
3099  2
3100  35
3101  1
3102  1
3103  11
3104  2
3105  44
3106  3
3107  38
3108  1
3109  1
3110  20
3111  19
3112  1
3113  1
3114  8
3115  7
3116  0
3117  16
3118  2
3119  1
3120  4
3121  41
3122  0
3123  0
3124  0
3125  90
3126  7
3127  0
3128  11
3129  1
3130  1
3131  2
3132  8
3133  2
3134  2
3135  57
3136  3
3137  3
3138  6
3139  1
3140  1
3141  2
3142  1
3143  1
3144  1
3145  1
3146  0
3147  1
3148  1
3149  1
3150  1
3151  1
3152  2
3153  1
3154  2
3155  22
3156  3
3157  1
3158  9
3159  33
3160  1
3161  5
3162  3
3163  1
3164  13
3165  1
3166  1
3167  1
3168  44
3169  4
3170  2
3171  1
3172  36
3173  5
3174  1
3175  1
3176  51
3177  1
3178  6
3179  1
3180  1
3181  1
3182  1
3183  1
3184  1
3185  1
3186  3
3187  1
3188  2
3189  1
3190  1
3191  1
3192  204
3193  0
3194  2
3195  5
3196  22
3197  7
3198  1
3199  1
3200  1
3201  1
3202  15
3203  13
3204  1
3205  1
3206  1
3207  1
3208  1
3209  5
3210  1
3211  3
3212  2
3213  2
3214  4
3215  15
3216  0
3217  14
3218  29
3219  1
3220  1
3221  1
3222  31
3223  0
3224  0
3225  31
3226  2
3227  1
3228  6
3229  1
3230  3
3231  47
3232  2
3233  17
3234  1
3235  1
3236  3
3237  1
3238  3
3239  1
3240  26
3241  1
3242  1
3243  1
3244  1
3245  63
3246  1
3247  27
3248  3
3249  3
3250  1
3251  2
3252  1
3253  1
3254  2
3255  1
3256  1
3257  1
3258  2
3259  1
3260  1
3261  1
3262  1
3263  1
3264  1
3265  2
3266  1
3267  1
3268  1
3269  22
3270  1
3271  1
3272  2
3273  8
3274  0
3275  11
3276  1
3277  5
3278  3
3279  4
3280  1
3281  14
3282  3
3283  1
3284  1
3285  1
3286  4
3287  4
3288  21
3289  2
3290  50
3291  4
3292  1
3293  1
3294  1
3295  1
3296  10
3297  1
3298  1
3299  6
3300  1
3301  1
3302  55
3303  2
3304  0
3305  1
3306  22
3307  2
3308  2
3309  11
3310  4
3311  3
3312  4
3313  16
3314  113
3315  0
3316  0
3317  0
3318  3
3319  1
3320  3
3321  8
3322  1
3323  1
3324  129
3325  1
3326  1
3327  3
3328  2
3329  2
3330  1
3331  0
3332  1
3333  1
3334  1
3335  2
3336  1
3337  4
3338  41
3339  1
3340  18
3341  3
3342  1
3343  1
3344  32
3345  2
3346  16
3347  29
3348  1
3349  1
3350  17
3351  3
3352  1
3353  1
3354  1
3355  3
3356  61
3357  1
3358  3
3359  1
3360  1
3361  1
3362  5
3363  3
3364  3
3365  4
3366  3
3367  1
3368  2
3369  1
3370  1
3371  1
3372  1
3373  1
3374  3
3375  15
3376  1
3377  11
3378  1
3379  1
3380  1
3381  1
3382  0
3383  3
3384  28
3385  4
3386  1
3387  49
3388  0
3389  12
3390  1
3391  75
3392  1
3393  1
3394  6
3395  1
3396  38
3397  3
3398  6
3399  31
3400  0
3401  1
3402  1
3403  1
3404  1
3405  4
3406  1
3407  1
3408  1
3409  2
3410  1
3411  48
3412  0
3413  27
3414  0
3415  4
3416  1
3417  5
3418  1
3419  6
3420  4
3421  14
3422  0
3423  1
3424  0
3425  1
3426  1
3427  1
3428  2
3429  2
3430  2
3431  22
3432  48
3433  67
3434  1
3435  1
3436  1
3437  1
3438  0
3439  1
3440  1
3441  1
3442  1
3443  1
3444  3
3445  1
3446  3
3447  3
3448  0
3449  2
3450  2
3451  3
3452  2
3453  3
3454  2
3455  1
3456  2
3457  1
3458  1
3459  1
3460  1
3461  5
3462  7
3463  1
3464  2
3465  1
3466  2
3467  1
3468  31
3469  12
3470  2
3471  3
3472  1
3473  4
3474  77
3475  8
3476  17
3477  0
3478  8
3479  0
3480  0
3481  0
3482  0
3483  0
3484  0
3485  0
3486  3
3487  2
3488  7
3489  1
3490  45
3491  1
3492  1
3493  66
3494  0
3495  1
3496  1
3497  2
3498  1
3499  1
3500  1
3501  1
3502  1
3503  4
3504  2
3505  1
3506  2
3507  2
3508  1
3509  1
3510  2
3511  4
3512  4
3513  0
3514  3
3515  2
3516  6
3517  7
3518  1
3519  7
3520  0
3521  1
3522  1
3523  1
3524  2
3525  11
3526  2
3527  2
3528  2
3529  1
3530  4
3531  1
3532  1
3533  1
3534  1
3535  1
3536  6
3537  1
3538  1
3539  1
3540  1
3541  1
3542  1
3543  1
3544  2
3545  42
3546  1
3547  1
3548  1
3549  1
3550  1
3551  1
3552  6
3553  1
3554  1
3555  1
3556  1
3557  75
3558  103
3559  35
3560  1
3561  6
3562  7
3563  8
3564  3
3565  1
3566  21
3567  1
3568  1
3569  1
3570  6
3571  1
3572  1
3573  2
3574  38
3575  3
3576  30
3577  2
3578  0
3579  1
3580  0
3581  11
3582  1
3583  1
3584  1
3585  1
3586  0
3587  0
3588  4
3589  1
3590  1
3591  1
3592  1
3593  2
3594  1
3595  1
3596  5
3597  1
3598  1
3599  2
3600  1
3601  1
3602  1
3603  1
3604  1
3605  1
3606  1
3607  37
3608  1
3609  1
3610  7
3611  34
3612  0
3613  12
3614  70
3615  2
3616  24
3617  12
3618  1
3619  32
3620  77
3621  3
3622  3
3623  5
3624  2
3625  82
3626  1
3627  2
3628  2
3629  2
3630  50
3631  1
3632  0
3633  0
3634  0
3635  8
3636  0
3637  0
3638  0
3639  0
3640  5
3641  7
3642  1
3643  2
3644  1
3645  2
3646  12
3647  1
3648  1
3649  2
3650  1
3651  2
3652  4
3653  13
3654  7
3655  1
3656  0
3657  1
3658  14
3659  7
3660  1
3661  7
3662  1
3663  25
3664  5
3665  2
3666  1
3667  0
3668  0
3669  0
3670  0
3671  0
3672  1
3673  3
3674  2
3675  1
3676  1
3677  1
3678  1
3679  1
3680  1
3681  1
3682  1
3683  1
3684  1
3685  1
3686  1
3687  1
3688  1
3689  1
3690  1
3691  0
3692  1
3693  0
3694  0
3695  12
3696  1
3697  2
3698  1
3699  1
3700  1
3701  1
3702  1
3703  7
3704  40
3705  6
3706  1
3707  13
3708  1
3709  74
3710  19
3711  0
3712  80
3713  61
3714  618
3715  0
3716  0
3717  0
3718  75
3719  0
3720  26
3721  44
3722  19
3723  1
3724  18
3725  18
3726  7
3727  15
3728  1
3729  13
3730  2
3731  1
3732  1
3733  1
3734  21
3735  1
3736  1
3737  1
3738  3
3739  2
3740  1
3741  3
3742  1
3743  1
3744  16
3745  3
3746  0
3747  1
3748  28
3749  1
3750  39
3751  1
3752  1
3753  7
3754  1
3755  1
3756  5
3757  1
3758  1
3759  3
3760  1
3761  1
3762  1
3763  1
3764  1
3765  1
3766  1
3767  22
3768  1
3769  3
3770  1
3771  1
3772  1
3773  1
3774  4
3775  3
3776  7
3777  15
3778  18
3779  6
3780  8
3781  9
3782  1
3783  16
3784  5
3785  2
3786  1
3787  2
3788  1
3789  9
3790  1
3791  1
3792  2
3793  1
3794  50
3795  0
3796  7
3797  1
3798  5
3799  14
3800  3
3801  1
3802  1
3803  1
3804  1
3805  1
3806  2
3807  1
3808  16
3809  1
3810  3
3811  0
3812  5
3813  6
3814  3
3815  1
3816  1
3817  1
3818  4
3819  5
3820  1
3821  1
3822  2
3823  87
3824  6
3825  1
3826  1
3827  1
3828  1
3829  28
3830  6
3831  1
3832  5
3833  4
3834  1
3835  4
3836  3
3837  1
3838  1
3839  1
3840  14
3841  1
3842  1
3843  1
3844  1
3845  1
3846  1
3847  2
3848  4
3849  1
3850  4
3851  8
3852  18
3853  6
3854  6
3855  12
3856  11
3857  1
3858  2
3859  1
3860  2
3861  1
3862  1
3863  2
3864  0
3865  6
3866  36
3867  7
3868  1
3869  0
3870  11
3871  8
3872  1
3873  1
3874  10
3875  26
3876  1
3877  13
3878  1
3879  10
3880  1
3881  1
3882  1
3883  1
3884  1
3885  70
3886  2
3887  238
3888  0
3889  2
3890  6
3891  0
3892  4
3893  0
3894  15
3895  8
3896  0
3897  1
3898  3
3899  1
3900  6
3901  1
3902  1
3903  28
3904  4
3905  3
3906  9
3907  55
3908  10
3909  1
3910  3
3911  10
3912  3
3913  7
3914  1
3915  1
3916  3
3917  31
3918  1
3919  1
3920  1
3921  2
3922  3
3923  1
3924  0
3925  1
3926  4
3927  0
3928  0
3929  0
3930  2
3931  0
3932  0
3933  0
3934  0
3935  50
3936  216
3937  13
3938  7
3939  1
3940  14
3941  7
3942  14
3943  1
3944  1
3945  6
3946  1
3947  6
3948  10
3949  1
3950  1
3951  9
3952  1
3953  52
3954  48
3955  12
3956  4
3957  2
3958  42
3959  7
3960  1
3961  2
3962  1
3963  25
3964  0
3965  1
3966  2
3967  1
3968  4
3969  1
3970  3
3971  0
3972  20
3973  2
3974  1
3975  8
3976  8
3977  37
3978  12
3979  0
3980  1
3981  1
3982  5
3983  1
3984  37
3985  37
3986  3
3987  2
3988  1
3989  10
3990  124
3991  0
3992  8
3993  1
3994  21
3995  1
3996  1
3997  1
3998  63
3999  0
4000  5
4001  2
4002  3
4003  8
4004  3
4005  2
4006  15
4007  0
4008  1
4009  2
4010  1
4011  3
4012  1
4013  1
4014  1
4015  4
4016  1
4017  49
4018  1
4019  6
4020  1
4021  1
4022  1
4023  1
4024  1
4025  1
4026  1
4027  9
4028  2
4029  3
4030  1
4031  1
4032  1
4033  1
4034  1
4035  79
4036  13
4037  1
4038  41
4039  6
4040  3
4041  10
4042  1
4043  2
4044  1
4045  2
4046  1
4047  1
4048  20
4049  10
4050  1
4051  0
4052  22
4053  4
4054  1
4055  13
4056  8
4057  1
4058  1
4059  1
4060  1
4061  6
4062  41
4063  1
4064  1
4065  1
4066  1
4067  2
4068  3
4069  1
4070  1
4071  1
4072  1
4073  1
4074  1
4075  2
4076  1
4077  1
4078  1
4079  1
4080  13
4081  1
4082  19
4083  1
4084  1
4085  1
4086  1
4087  1
4088  1
4089  3
4090  3
4091  1
4092  1
4093  6
4094  1
4095  0
4096  2
4097  2
4098  1
4099  3
4100  3
4101  37
4102  1
4103  1
4104  1
4105  2
4106  1
4107  9
4108  1
4109  2
4110  1
4111  3
4112  2
4113  1
4114  2
4115  3
4116  1
4117  1
4118  14
4119  1
4120  2
4121  2
4122  1
4123  8
4124  1
4125  2
4126  1
4127  1
4128  5
4129  1
4130  1
4131  2
4132  31
4133  5
4134  1
4135  1
4136  5
4137  1
4138  13
4139  36
4140  1
4141  3
4142  15
4143  1
4144  2
4145  6
4146  18
4147  1
4148  1
4149  1
4150  15
4151  1
4152  4
4153  1
4154  1
4155  13
4156  1
4157  35
4158  9
4159  55
4160  1
4161  5
4162  3
4163  1
4164  1
4165  2
4166  1
4167  1
4168  7
4169  2
4170  1
4171  1
4172  1
4173  1
4174  63
4175  3
4176  12
4177  4
4178  43
4179  4
4180  41
4181  19
4182  42
4183  1
4184  2
4185  3
4186  1
4187  15
4188  2
4189  4
4190  33
4191  0
4192  1
4193  2
4194  3
4195  1
4196  3
4197  1
4198  1
4199  3
4200  122
4201  0
4202  0
4203  2
4204  1
4205  60
4206  0
4207  1
4208  4
4209  1
4210  1
4211  3
4212  1
4213  1
4214  1
4215  2
4216  1
4217  1
4218  1
4219  1
4220  1
4221  1
4222  2
4223  1
4224  2
4225  21
4226  0
4227  0
4228  0
4229  1
4230  3
4231  314
4232  27
4233  98
4234  0
4235  1
4236  0
4237  0
4238  0
4239  166
4240  0
4241  54
4242  17
4243  1
4244  3
4245  23
4246  21
4247  15
4248  2
4249  1
4250  17
4251  24
4252  53
4253  42
4254  1
4255  16
4256  3
4257  1
4258  2
4259  1
4260  3
4261  1
4262  10
4263  2
4264  7
4265  1
4266  3
4267  1
4268  1
4269  1
4270  1
4271  3
4272  1
4273  9
4274  4
4275  1
4276  6
4277  48
4278  29
4279  71
4280  28
4281  1
4282  16
4283  6
4284  64
4285  12
4286  3
4287  1
4288  5
4289  5
4290  6
4291  2
4292  4
4293  5
4294  3
4295  11
4296  7
4297  2
4298  1
4299  1
4300  1
4301  8
4302  1
4303  16
4304  0
4305  4
4306  3
4307  2
4308  1
4309  1
4310  0
4311  0
4312  42
4313  1
4314  2
4315  2
4316  0
4317  0
4318  1
4319  1
4320  4
4321  1
4322  2
4323  0
4324  5
4325  13
4326  13
4327  1
4328  26
4329  2
4330  4
4331  2
4332  1
4333  12
4334  52
4335  1
4336  13
4337  1
4338  12
4339  1
4340  1
4341  4
4342  22
4343  1
4344  1
4345  1
4346  1
4347  1
4348  22
4349  64
4350  4
4351  2
4352  1
4353  32
4354  1
4355  48
4356  11
4357  4
4358  1
4359  12
4360  1
4361  212
4362  362
4363  0
4364  1
4365  13
4366  1
4367  1
4368  1
4369  2
4370  9
4371  3
4372  1
4373  39
4374  38
4375  10
4376  1
4377  20
4378  144
4379  6
4380  1
4381  5
4382  2
4383  1
4384  1
4385  2
4386  17
4387  75
4388  6
4389  1
4390  2
4391  3
4392  8
4393  1
4394  4
4395  2
4396  1
4397  1
4398  0
4399  4
4400  1
4401  1
4402  1
4403  1
4404  1
4405  1
4406  2
4407  1
4408  1
4409  1
4410  3
4411  1
4412  1
4413  7
4414  3
4415  1
4416  1
4417  15
4418  1
4419  1
4420  14
4421  7
4422  2
4423  1
4424  45
4425  4
4426  1
4427  85
4428  11
4429  3
4430  1
4431  15
4432  3
4433  10
4434  0
4435  2
4436  1
4437  4
4438  4
4439  2
4440  11
4441  1
4442  6
4443  2
4444  1
4445  1
4446  1
4447  1
4448  2
4449  8
4450  3
4451  10
4452  1
4453  9
4454  16
4455  3
4456  1
4457  12
4458  11
4459  0
4460  2
4461  3
4462  1
4463  3
4464  1
4465  1
4466  99
4467  0
4468  2
4469  1
4470  0
4471  1
4472  46
4473  23
4474  6
4475  1
4476  8
4477  1
4478  1
4479  47
4480  20
4481  1
4482  2
4483  1
4484  2
4485  1
4486  2
4487  3
4488  1
4489  1
4490  1
4491  1
4492  5
4493  1
4494  1
4495  8
4496  1
4497  2
4498  2
4499  6
4500  1
4501  2
4502  5
4503  1
4504  2
4505  5
4506  2
4507  15
4508  0
4509  9
4510  3
4511  1
4512  13
4513  2
4514  1
4515  1
4516  1
4517  2
4518  3
4519  1
4520  1
4521  1
4522  1
4523  3
4524  1
4525  43
4526  1
4527  2
4528  1
4529  1
4530  1
4531  0
4532  42
4533  29
4534  4
4535  6
4536  1
4537  5
4538  7
4539  1
4540  2
4541  2
4542  5
4543  1
4544  4
4545  1
4546  1
4547  1
4548  1
4549  1
4550  3
4551  2
4552  26
4553  1
4554  1
4555  2
4556  3
4557  2
4558  23
4559  16
4560  0
4561  1
4562  89
4563  1
4564  1
4565  1
4566  1
4567  4
4568  25
4569  0
4570  0
4571  14
4572  2
4573  3
4574  1
4575  1
4576  20
4577  2
4578  4
4579  2
4580  1
4581  32
4582  1
4583  7
4584  2
4585  1
4586  2
4587  4
4588  28
4589  1
4590  2
4591  15
4592  7
4593  1
4594  2
4595  2
4596  2
4597  6
4598  3
4599  1
4600  2
4601  6
4602  1
4603  4
4604  1
4605  147
4606  1
4607  2
4608  9
4609  21
4610  0
4611  0
4612  257
4613  0
4614  89
4615  0
4616  1
4617  1
4618  2
4619  23
4620  1
4621  4
4622  1
4623  4
4624  27
4625  77
4626  1
4627  5
4628  1
4629  1
4630  4
4631  111
4632  115
4633  0
4634  33
4635  1
4636  1
4637  1
4638  15
4639  1
4640  3
4641  1
4642  1
4643  1
4644  2
4645  1
4646  1
4647  1
4648  1
4649  3
4650  1
4651  1
4652  1
4653  1
4654  12
4655  6
4656  3
4657  2
4658  86
4659  0
4660  1
4661  25
4662  2
4663  2
4664  9
4665  0
4666  2
4667  2
4668  1
4669  1
4670  2
4671  2
4672  26
4673  7
4674  1
4675  12
4676  5
4677  37
4678  1
4679  76
4680  2
4681  1
4682  2
4683  6
4684  2
4685  16
4686  84
4687  43
4688  1
4689  1
4690  2
4691  2
4692  3
4693  1
4694  1
4695  5
4696  1
4697  0
4698  9
4699  1
4700  1
4701  1
4702  1
4703  3
4704  1
4705  10
4706  1
4707  1
4708  6
4709  9
4710  2
4711  2
4712  7
4713  1
4714  7
4715  1
4716  5
4717  1
4718  2
4719  1
4720  1
4721  2
4722  57
4723  1
4724  5
4725  1
4726  1
4727  0
4728  2
4729  3
4730  9
4731  1
4732  41
4733  7
4734  17
4735  42
4736  1
4737  3
4738  3
4739  1
4740  1
4741  1
4742  1
4743  1
4744  1
4745  1
4746  1
4747  2
4748  1
4749  1
4750  1
4751  2
4752  1
4753  5
4754  4
4755  9
4756  2
4757  1
4758  1
4759  1
4760  5
4761  23
4762  0
4763  1
4764  1
4765  1
4766  1
4767  1
4768  1
4769  6
4770  1
4771  1
4772  2
4773  4
4774  4
4775  17
4776  1
4777  1
4778  1
4779  7
4780  1
4781  3
4782  5
4783  5
4784  4
4785  8
4786  3
4787  3
4788  4
4789  2
4790  1
4791  8
4792  3
4793  7
4794  2
4795  1
4796  12
4797  2
4798  1
4799  1
4800  1
4801  2
4802  1
4803  1
4804  10
4805  7
4806  55
4807  0
4808  0
4809  3
4810  1
4811  1
4812  80
4813  6
4814  1
4815  1
4816  1
4817  39
4818  1
4819  22
4820  2
4821  1
4822  1
4823  2
4824  6
4825  1
4826  1
4827  3
4828  11
4829  1
4830  4
4831  5
4832  1
4833  1
4834  1
4835  1
4836  1
4837  1
4838  1
4839  3
4840  1
4841  1
4842  9
4843  1
4844  1
4845  1
4846  1
4847  17
4848  11
4849  1
4850  2
4851  5
4852  1
4853  12
4854  12
4855  6
4856  4
4857  24
4858  2
4859  2
4860  70
4861  6
4862  1
4863  6
4864  18
4865  7
4866  1
4867  1
4868  2
4869  14
4870  1
4871  9
4872  1
4873  1
4874  1
4875  22
4876  0
4877  4
4878  1
4879  2
4880  4
4881  2
4882  2
4883  1
4884  1
4885  1
4886  4
4887  1
4888  1
4889  1
4890  1
4891  2
4892  2
4893  16
4894  0
4895  1
4896  1
4897  1
4898  0
4899  1
4900  20
4901  0
4902  1
4903  1
4904  0
4905  15
4906  1
4907  3
4908  1
4909  1
4910  2
4911  2
4912  1
4913  2
4914  1
4915  11
4916  15
4917  1
4918  1
4919  1
4920  9
4921  5
4922  3
4923  5
4924  1
4925  1
4926  0
4927  9
4928  0
4929  0
4930  2
4931  1
4932  0
4933  0
4934  3
4935  1
4936  1
4937  1
4938  3
4939  11
4940  33
4941  2
4942  3
4943  2
4944  1
4945  1
4946  2
4947  10
4948  2
4949  3
4950  5
4951  9
4952  6
4953  1
4954  1
4955  3
4956  1
4957  1
4958  71
4959  1
4960  2
4961  1
4962  1
4963  1
4964  1
4965  2
4966  1
4967  1
4968  1
4969  1
4970  7
4971  1
4972  4
4973  1
4974  1
4975  2
4976  2
4977  1
4978  5
4979  1
4980  4
4981  31
4982  12
4983  1
4984  1
4985  2
4986  1
4987  1
4988  1
4989  2
4990  8
4991  2
4992  1
4993  3
4994  1
4995  10
4996  6
4997  11
4998  9
4999  0
5000  2
5001  1
5002  96
5003  1
5004  13
5005  1
5006  7
5007  3
5008  20
5009  1
5010  14
5011  57
5012  59
5013  2
5014  1
5015  1
5016  1
5017  1
5018  1
5019  1
5020  1
5021  1
5022  1
5023  1
5024  1
5025  1
5026  3
5027  1
5028  1
5029  8
5030  1
5031  3
5032  1
5033  8
5034  46
5035  2
5036  1
5037  1
5038  36
5039  15
5040  1
5041  4
5042  1
5043  1
5044  2
5045  3
5046  0
5047  1
5048  11
5049  2
5050  2
5051  1
5052  2
5053  18
5054  3
5055  3
5056  3
5057  4
5058  1
5059  1
5060  1
5061  1
5062  34
5063  6
5064  1
5065  7
5066  1
5067  1
5068  1
5069  4
5070  3
5071  1
5072  1
5073  13
5074  2
5075  1
5076  1
5077  20
5078  2
5079  1
5080  0
5081  2
5082  1
5083  2
5084  1
5085  1
5086  1
5087  2
5088  1
5089  1
5090  1
5091  46
5092  1
5093  1
5094  28
5095  1
5096  2
5097  1
5098  0
5099  2
5100  1
5101  78
5102  0
5103  1
5104  7
5105  1
5106  6
5107  1
5108  1
5109  1
5110  2
5111  2
5112  1
5113  4
5114  1
5115  1
5116  2
5117  24
5118  2
5119  30
5120  2
5121  1
5122  1
5123  1
5124  2
5125  3
5126  1
5127  4
5128  3
5129  3
5130  1
5131  5
5132  2
5133  2
5134  3
5135  1
5136  1
5137  1
5138  1
5139  1
5140  1
5141  3
5142  2
5143  1
5144  0
5145  4
5146  3
5147  5
5148  4
5149  2
5150  1
5151  7
5152  5
5153  79
5154  0
5155  11
5156  1
5157  2
5158  2
5159  2
5160  1
5161  3
5162  2
5163  1
5164  10
5165  2
5166  2
5167  1
5168  2
5169  1
5170  2
5171  6
5172  1
5173  1
5174  1
5175  2
5176  1
5177  2
5178  7
5179  1
5180  2
5181  1
5182  2
5183  3
5184  0
5185  1
5186  2
5187  17
5188  31
5189  1
5190  10
5191  214
5192  1
5193  1
5194  3
5195  1
5196  8
5197  13
5198  0
5199  1
5200  1
5201  361
5202  0
5203  0
5204  0
5205  1
5206  8
5207  1
5208  2
5209  8
5210  44
5211  1
5212  2
5213  23
5214  4
5215  1
5216  1
5217  43
5218  1
5219  23
5220  7
5221  1
5222  1
5223  4
5224  1
5225  1
5226  2
5227  1
5228  1
5229  28
5230  27
5231  14
5232  4
5233  10
5234  7
5235  10
5236  9
5237  1
5238  1
5239  4
5240  26
5241  1
5242  2
5243  1
5244  4
5245  5
5246  7
5247  3
5248  2
5249  1
5250  6
5251  8
5252  1
5253  52
5254  2
5255  1
5256  26
5257  0
5258  3
5259  1
5260  1
5261  1
5262  5
5263  2
5264  10
5265  1
5266  1
5267  3
5268  0
5269  0
5270  0
5271  3
5272  5
5273  1
5274  4
5275  1
5276  1
5277  1
5278  8
5279  3
5280  1
5281  3
5282  1
5283  14
5284  2
5285  0
5286  1
5287  54
5288  0
5289  3
5290  1
5291  1
5292  7
5293  84
5294  1
5295  4
5296  0
5297  1
5298  2
5299  13
5300  18
5301  1
5302  1
5303  1
5304  1
5305  1
5306  54
5307  11
5308  3
5309  1
5310  1
5311  1
5312  11
5313  4
5314  13
5315  3
5316  4
5317  5
5318  3
5319  1
5320  1
5321  12
5322  1
5323  1
5324  1
5325  2
5326  48
5327  41
5328  29
5329  122
5330  6
5331  35
5332  101
5333  1
5334  49
5335  41
5336  1
5337  68
5338  152
5339  2
5340  31
5341  0
5342  0
5343  0
5344  80
5345  10
5346  1
5347  10
5348  4
5349  32
5350  3
5351  6
5352  15
5353  3
5354  2
5355  15
5356  13
5357  1
5358  1
5359  1
5360  1
5361  21
5362  1
5363  1
5364  1
5365  1
5366  1
5367  0
5368  1
5369  1
5370  1
5371  1
5372  1
5373  2
5374  3
5375  1
5376  1
5377  2
5378  19
5379  14
5380  2
5381  2
5382  1
5383  1
5384  1
5385  2
5386  1
5387  1
5388  2
5389  9
5390  1
5391  1
5392  1
5393  1
5394  4
5395  2
5396  1
5397  2
5398  10
5399  1
5400  1
5401  1
5402  1
5403  1
5404  12
5405  1
5406  1
5407  24
5408  18
5409  11
5410  1
5411  16
5412  1
5413  2
5414  1
5415  3
5416  6
5417  7
5418  3
5419  10
5420  1
5421  30
5422  2
5423  3
5424  1
5425  1
5426  2
5427  1
5428  3
5429  1
5430  1
5431  2
5432  1
5433  1
5434  1
5435  7
5436  15
5437  6
5438  1
5439  2
5440  1
5441  1
5442  1
5443  1
5444  1
5445  1
5446  1
5447  1
5448  2
5449  4
5450  19
5451  1
5452  3
5453  2
5454  37
5455  1
5456  1
5457  2
5458  4
5459  8
5460  4
5461  3
5462  1
5463  0
5464  1
5465  1
5466  2
5467  9
5468  1
5469  37
5470  3
5471  1
5472  1
5473  1
5474  1
5475  1
5476  2
5477  0
5478  0
5479  26
5480  2
5481  3
5482  2
5483  8
5484  1
5485  1
5486  10
5487  16
5488  1
5489  8
5490  2
5491  1
5492  1
5493  9
5494  3
5495  1
5496  21
5497  1
5498  1
5499  12
5500  1
5501  1
5502  1
5503  4
5504  1
5505  19
5506  1
5507  3
5508  2
5509  1
5510  1
5511  1
5512  1
5513  2
5514  7
5515  2
5516  1
5517  1
5518  1
5519  2
5520  3
5521  1
5522  1
5523  1
5524  1
5525  6
5526  1
5527  243
5528  6
5529  26
5530  14
5531  1
5532  3
5533  1
5534  18
5535  3
5536  1
5537  1
5538  4
5539  1
5540  10
5541  11
5542  8
5543  1
5544  8
5545  46
5546  1
5547  3
5548  1
5549  13
5550  3
5551  1
5552  1
5553  1
5554  1
5555  1
5556  8
5557  1
5558  1
5559  2
5560  2
5561  2
5562  2
5563  1
5564  11
5565  27
5566  1
5567  1
5568  1
5569  1
5570  8
5571  2
5572  1
5573  3
5574  7
5575  28
5576  1
5577  16
5578  66
5579  1
5580  2
5581  1
5582  1
5583  3
5584  15
5585  22
5586  2
5587  12
5588  3
5589  0
5590  1
5591  1
5592  1
5593  1
5594  21
5595  1
5596  1
5597  2
5598  1
5599  2
5600  1
5601  1
5602  0
5603  0
5604  0
5605  5
5606  2
5607  10
5608  1
5609  2
5610  3
5611  4
5612  4
5613  8
5614  5
5615  5
5616  1
5617  2
5618  1
5619  8
5620  1
5621  1
5622  0
5623  1
5624  3
5625  1
5626  1
5627  1
5628  1
5629  1
5630  49
5631  21
5632  1
5633  1
5634  50
5635  10
5636  1
5637  4
5638  7
5639  4
5640  1
5641  1
5642  1
5643  1
5644  1
5645  3
5646  3
5647  1
5648  1
5649  2
5650  1
5651  1
5652  13
5653  1
5654  1
5655  1
5656  4
5657  2
5658  1
5659  2
5660  1
5661  1
5662  1
5663  9
5664  4
5665  1
5666  1
5667  1
5668  0
5669  13
5670  4
5671  6
5672  9
5673  1
5674  1
5675  23
5676  2
5677  1
5678  32
5679  5
5680  1
5681  1
5682  191
5683  3
5684  0
5685  1
5686  2
5687  0
5688  0
5689  16
5690  6
5691  29
5692  2
5693  0
5694  0
5695  5
5696  0
5697  84
5698  20
5699  22
5700  0
5701  12
5702  1
5703  6
5704  1
5705  1
5706  1
5707  11
5708  3
5709  1
5710  1
5711  1
5712  2
5713  8
5714  1
5715  92
5716  16
5717  2
5718  24
5719  1
5720  1
5721  3
5722  0
5723  6
5724  1
5725  1
5726  1
5727  7
5728  1
5729  2
5730  2
5731  3
5732  1
5733  1
5734  5
5735  5
5736  2
5737  1
5738  10
5739  2
5740  4
5741  1
5742  14
5743  1
5744  2
5745  19
5746  2
5747  5
5748  52
5749  9
5750  1
5751  2
5752  1
5753  2
5754  10
5755  4
5756  3
5757  1
5758  10
5759  3
5760  42
5761  11
5762  1
5763  2
5764  4
5765  3
5766  13
5767  1
5768  1
5769  9
5770  4
5771  14
5772  2
5773  1
5774  3
5775  7
5776  1
5777  4
5778  1
5779  11
5780  1
5781  0
5782  6
5783  4
5784  1
5785  10
5786  1
5787  1
5788  1
5789  4
5790  1
5791  1
5792  1
5793  3
5794  2
5795  0
5796  1
5797  20
5798  0
5799  1
5800  1
5801  0
5802  6
5803  3
5804  7
5805  1
5806  3
5807  10
5808  2
5809  1
5810  1
5811  25
5812  17
5813  1
5814  1
5815  0
5816  3
5817  1
5818  1
5819  2
5820  1
5821  1
5822  1
5823  1
5824  1
5825  1
5826  6
5827  1
5828  1
5829  7
5830  2
5831  1
5832  3
5833  1
5834  1
5835  1
5836  1
5837  1
5838  1
5839  1
5840  1
5841  1
5842  2
5843  1
5844  4
5845  1
5846  3
5847  3
5848  54
5849  1
5850  32
5851  5
5852  1
5853  1
5854  18
5855  1
5856  1
5857  3
5858  18
5859  1
5860  0
5861  1
5862  1
5863  5
5864  1
5865  0
5866  4
5867  2
5868  1
5869  1
5870  2
5871  2
5872  3
5873  1
5874  2
5875  11
5876  1
5877  2
5878  3
5879  4
5880  7
5881  2
5882  1
5883  1
5884  1
5885  1
5886  1
5887  9
5888  1
5889  1
5890  1
5891  1
5892  1
5893  1
5894  3
5895  3
5896  4
5897  1
5898  3
5899  1
5900  3
5901  2
5902  1
5903  7
5904  3
5905  2
5906  2
5907  1
5908  3
5909  1
5910  2
5911  1
5912  1
5913  1
5914  1
5915  1
5916  1
5917  6
5918  2
5919  3
5920  1
5921  12
5922  3
5923  1
5924  1
5925  4
5926  1
5927  2
5928  3
5929  1
5930  3
5931  3
5932  1
5933  1
5934  5
5935  31
5936  4
5937  18
5938  1
5939  1
5940  17
5941  2
5942  1
5943  3
5944  1
5945  5
5946  1
5947  0
5948  5
5949  1
5950  8
5951  1
5952  10
5953  2
5954  1
5955  1
5956  1
5957  0
5958  4
5959  1
5960  1
5961  1
5962  0
5963  11
5964  1
5965  9
5966  1
5967  1
5968  1
5969  1
5970  3
5971  1
5972  1
5973  1
5974  1
5975  1
5976  1
5977  1
5978  3
5979  1
5980  1
5981  3
5982  2
5983  10
5984  1
5985  2
5986  2
5987  5
5988  6
5989  5
5990  2
5991  3
5992  1
5993  2
5994  3
5995  17
5996  1
5997  1
5998  1
5999  1
6000  2
6001  1
6002  2
6003  81
6004  7
6005  1
6006  1
6007  1
6008  1
6009  1
6010  17
6011  2
6012  1
6013  4
6014  3
6015  0
6016  3
6017  1
6018  3
6019  1
6020  1
6021  1
6022  1
6023  8
6024  1
6025  1
6026  1
6027  1
6028  29
6029  2
6030  3
6031  1
6032  1
6033  1
6034  1
6035  4
6036  2
6037  0
6038  1
6039  1
6040  1
6041  3
6042  1
6043  1
6044  3
6045  1
6046  3
6047  70
6048  1
6049  1
6050  7
6051  4
6052  1
6053  1
6054  1
6055  2
6056  1
6057  1
6058  1
6059  3
6060  2
6061  2
6062  6
6063  1
6064  8
6065  1
6066  2
6067  1
6068  5
6069  1
6070  13
6071  1
6072  1
6073  28
6074  10
6075  1
6076  85
6077  4
6078  22
6079  2
6080  2
6081  2
6082  1
6083  101
6084  0
6085  2
6086  1
6087  8
6088  12
6089  7
6090  1
6091  1
6092  1
6093  1
6094  54
6095  1
6096  1
6097  1
6098  1
6099  2
6100  33
6101  1
6102  2
6103  1
6104  29
6105  8
6106  17
6107  11
6108  1
6109  58
6110  0
6111  1
6112  1
6113  5
6114  1
6115  21
6116  1
6117  2
6118  1
6119  1
6120  1
6121  5
6122  2
6123  1
6124  10
6125  9
6126  3
6127  1
6128  1
6129  1
6130  1
6131  1
6132  58
6133  0
6134  10
6135  1
6136  1
6137  1
6138  1
6139  1
6140  1
6141  1
6142  1
6143  1
6144  1
6145  1
6146  6
6147  1
6148  1
6149  1
6150  1
6151  10
6152  4
6153  18
6154  7
6155  104
6156  2
6157  160
6158  18
6159  1
6160  5
6161  0
6162  3
6163  50
6164  9
6165  1
6166  1
6167  2
6168  1
6169  9
6170  1
6171  2
6172  1
6173  2
6174  4
6175  1
6176  7
6177  3
6178  26
6179  1
6180  1
6181  1
6182  1
6183  1
6184  1
6185  11
6186  5
6187  7
6188  1
6189  2
6190  6
6191  4
6192  1
6193  1
6194  1
6195  1
6196  6
6197  1
6198  1
6199  1
6200  3
6201  1
6202  1
6203  1
6204  1
6205  1
6206  2
6207  2
6208  1
6209  1
6210  1
6211  10
6212  1
6213  1
6214  3
6215  2
6216  7
6217  4
6218  1
6219  4
6220  3
6221  1
6222  1
6223  1
6224  1
6225  1
6226  1
6227  2
6228  1
6229  1
6230  2
6231  1
6232  2
6233  1
6234  2
6235  0
6236  12
6237  1
6238  4
6239  10
6240  2
6241  1
6242  1
6243  22
6244  2
6245  1
6246  2
6247  1
6248  3
6249  1
6250  3
6251  8
6252  1
6253  1
6254  1
6255  1
6256  2
6257  1
6258  1
6259  1
6260  6
6261  3
6262  6
6263  1
6264  1
6265  1
6266  2
6267  1
6268  4
6269  1
6270  2
6271  1
6272  1
6273  1
6274  2
6275  1
6276  3
6277  1
6278  4
6279  2
6280  1
6281  1
6282  1
6283  2
6284  1
6285  1
6286  1
6287  2
6288  6
6289  14
6290  1
6291  1
6292  1
6293  11
6294  93
6295  2
6296  1
6297  2
6298  2
6299  4
6300  5
6301  19
6302  3
6303  1
6304  1
6305  1
6306  2
6307  1
6308  4
6309  1
6310  19
6311  4
6312  7
6313  1
6314  6
6315  4
6316  2
6317  31
6318  28
6319  1
6320  1
6321  2
6322  49
6323  1
6324  1
6325  4
6326  1
6327  54
6328  5
6329  3
6330  1
6331  1
6332  1
6333  1
6334  1
6335  1
6336  2
6337  1
6338  1
6339  57
6340  1
6341  5
6342  1
6343  3
6344  0
6345  0
6346  0
6347  0
6348  5
6349  6
6350  2
6351  1
6352  2
6353  1
6354  1
6355  1
6356  1
6357  19
6358  6
6359  1
6360  2
6361  10
6362  1
6363  1
6364  7
6365  1
6366  1
6367  18
6368  1
6369  1
6370  1
6371  1
6372  1
6373  1
6374  2
6375  1
6376  1
6377  1
6378  1
6379  1
6380  1
6381  1
6382  3
6383  1
6384  2
6385  1
6386  1
6387  1
6388  1
6389  4
6390  3
6391  1
6392  3
6393  1
6394  13
6395  1
6396  1
6397  2
6398  1
6399  0
6400  1
6401  2
6402  2
6403  1
6404  1
6405  14
6406  3
6407  1
6408  36
6409  31
6410  21
6411  98
6412  1
6413  37
6414  27
6415  118
6416  2
6417  3
6418  3
6419  1
6420  7
6421  1
6422  2
6423  4
6424  1
6425  70
6426  0
6427  1
6428  1
6429  2
6430  123
6431  1
6432  11
6433  14
6434  2
6435  5
6436  1
6437  1
6438  18
6439  15
6440  1
6441  15
6442  4
6443  2
6444  2
6445  1
6446  1
6447  12
6448  1
6449  1
6450  7
6451  7
6452  1
6453  1
6454  1
6455  1
6456  2
6457  2
6458  11
6459  2
6460  2
6461  1
6462  3
6463  30
6464  1
6465  2
6466  3
6467  3
6468  1
6469  1
6470  1
6471  4
6472  1
6473  1
6474  12
6475  1
6476  1
6477  1
6478  1
6479  1
6480  1
6481  1
6482  2
6483  4
6484  3
6485  1
6486  1
6487  2
6488  2
6489  1
6490  2
6491  2
6492  2
6493  4
6494  1
6495  9
6496  2
6497  1
6498  14
6499  3
6500  1
6501  0
6502  1
6503  1
6504  5
6505  1
6506  0
6507  1
6508  8
6509  1
6510  1
6511  1
6512  1
6513  1
6514  1
6515  1
6516  1
6517  1
6518  1
6519  1
6520  1
6521  4
6522  12
6523  7
6524  7
6525  16
6526  4
6527  101
6528  1
6529  1
6530  1
6531  23
6532  21
6533  1
6534  21
6535  1
6536  1
6537  1
6538  4
6539  1
6540  3
6541  1
6542  6
6543  1
6544  1
6545  1
6546  5
6547  3
6548  5
6549  4
6550  2
6551  1
6552  2
6553  1
6554  1
6555  1
6556  1
6557  4
6558  3
6559  1
6560  2
6561  1
6562  1
6563  2
6564  1
6565  9
6566  1
6567  1
6568  15
6569  1
6570  39
6571  1
6572  6
6573  12
6574  2
6575  1
6576  2
6577  1
6578  15
6579  1
6580  1
6581  1
6582  1
6583  12
6584  3
6585  1
6586  2
6587  1
6588  21
6589  15
6590  1
6591  4
6592  1
6593  1
6594  1
6595  2
6596  1
6597  1
6598  7
6599  3
6600  9
6601  2
6602  1
6603  2
6604  24
6605  1
6606  3
6607  5
6608  1
6609  3
6610  5
6611  1
6612  1
6613  18
6614  10
6615  2
6616  1
6617  2
6618  2
6619  1
6620  1
6621  9
6622  4
6623  7
6624  2
6625  1
6626  2
6627  1
6628  1
6629  1
6630  3
6631  3
6632  1
6633  1
6634  1
6635  1
6636  1
6637  1
6638  3
6639  1
6640  2
6641  4
6642  1
6643  4
6644  1
6645  1
6646  1
6647  1
6648  1
6649  1
6650  1
6651  0
6652  1
6653  1
6654  1
6655  1
6656  1
6657  2
6658  1
6659  1
6660  8
6661  1
6662  1
6663  1
6664  1
6665  3
6666  1
6667  1
6668  1
6669  3
6670  1
6671  0
6672  1
6673  3
6674  1
6675  1
6676  1
6677  9
6678  16
6679  3
6680  1
6681  1
6682  3
6683  4
6684  1
6685  1
6686  1
6687  1
6688  1
6689  1
6690  1
6691  1
6692  1
6693  1
6694  1
6695  1
6696  2
6697  1
6698  3
6699  1
6700  3
6701  1
6702  31
6703  6
6704  10
6705  3
6706  4
6707  3
6708  1
6709  1
6710  1
6711  1
6712  28
6713  0
6714  9
6715  19
6716  1
6717  1
6718  7
6719  4
6720  1
6721  4
6722  33
6723  1
6724  1
6725  1
6726  3
6727  1
6728  2
6729  1
6730  1
6731  1
6732  2
6733  39
6734  1
6735  1
6736  1
6737  1
6738  3
6739  6
6740  1
6741  1
6742  1
6743  1
6744  1
6745  3
6746  1
6747  1
6748  0
6749  6
6750  1
6751  2
6752  4
6753  1
6754  1
6755  6
6756  1
6757  5
6758  12
6759  2
6760  26
6761  36
6762  2
6763  13
6764  3
6765  2
6766  4
6767  19
6768  1
6769  2
6770  1
6771  1
6772  2
6773  1
6774  2
6775  4
6776  2
6777  2
6778  1
6779  1
6780  2
6781  2
6782  30
6783  1
6784  1
6785  45
6786  2
6787  1
6788  6
6789  4
6790  1
6791  13
6792  50
6793  1
6794  8
6795  2
6796  1
6797  2
6798  2
6799  13
6800  2
6801  1
6802  4
6803  1
6804  1
6805  1
6806  13
6807  2
6808  11
6809  19
6810  2
6811  3
6812  20
6813  1
6814  35
6815  11
6816  1
6817  2
6818  3
6819  1
6820  1
6821  1
6822  1
6823  4
6824  7
6825  1
6826  1
6827  1
6828  1
6829  1
6830  1
6831  2
6832  12
6833  6
6834  1
6835  2
6836  23
6837  1
6838  1
6839  1
6840  1
6841  1
6842  4
6843  1
6844  2
6845  1
6846  1
6847  1
6848  2
6849  1
6850  2
6851  2
6852  1
6853  2
6854  1
6855  1
6856  1
6857  1
6858  1
6859  1
6860  2
6861  1
6862  7
6863  1
6864  1
6865  2
6866  24
6867  1
6868  1
6869  1
6870  1
6871  6
6872  2
6873  6
6874  1
6875  6
6876  1
6877  5
6878  1
6879  1
6880  1
6881  1
6882  1
6883  1
6884  2
6885  1
6886  1
6887  27
6888  30
6889  21
6890  4
6891  6
6892  1
6893  10
6894  12
6895  1
6896  1
6897  1
6898  1
6899  2
6900  3
6901  1
6902  1
6903  1
6904  1
6905  1
6906  4
6907  2
6908  4
6909  2
6910  1
6911  1
6912  1
6913  2
6914  1
6915  1
6916  1
6917  1
6918  1
6919  5
6920  2
6921  1
6922  1
6923  1
6924  1
6925  1
6926  1
6927  1
6928  1
6929  11
6930  1
6931  3
6932  2
6933  4
6934  1
6935  1
6936  0
6937  1
6938  1
6939  1
6940  1
6941  15
6942  1
6943  0
6944  1
6945  2
6946  1
6947  1
6948  1
6949  1
6950  1
6951  2
6952  1
6953  1
6954  2
6955  1
6956  7
6957  1
6958  1
6959  0
6960  1
6961  1
6962  1
6963  19
6964  1
6965  3
6966  7
6967  16
6968  20
6969  3
6970  1
6971  1
6972  20
6973  2
6974  1
6975  1
6976  1
6977  5
6978  5
6979  1
6980  3
6981  1
6982  1
6983  3
6984  4
6985  1
6986  1
6987  1
6988  1
6989  0
6990  1
6991  2
6992  1
6993  1
6994  1
6995  1
6996  16
6997  1
6998  1
6999  2
7000  0
7001  1
7002  5
7003  1
7004  4
7005  1
7006  1
7007  1
7008  1
7009  1
7010  1
7011  1
7012  1
7013  1
7014  1
7015  1
7016  2
7017  2
7018  1
7019  13
7020  1
7021  1
7022  1
7023  1
7024  1
7025  1
7026  1
7027  1
7028  2
7029  1
7030  1
7031  1
7032  1
7033  2
7034  1
7035  1
7036  1
7037  1
7038  2
7039  2
7040  1
7041  10
7042  1
7043  1
7044  5
7045  1
7046  1
7047  2
7048  1
7049  9
7050  1
7051  1
7052  1
7053  3
7054  1
7055  7
7056  1
7057  1
7058  1
7059  1
7060  1
7061  1
7062  1
7063  1
7064  1
7065  4
7066  2
7067  4
7068  2
7069  1
7070  1
7071  1
7072  1
7073  1
7074  1
7075  1
7076  1
7077  1
7078  11
7079  1
7080  1
7081  1
7082  1
7083  6
7084  1
7085  1
7086  1
7087  1
7088  1
7089  1
7090  2
7091  1
7092  6
7093  1
7094  1
7095  1
7096  1
7097  1
7098  1
7099  1
7100  1
7101  1
7102  1
7103  1
7104  1
7105  1
7106  1
7107  1
7108  1
7109  1
7110  2
7111  1
7112  1
7113  2
7114  1
