4037   0.004607189717744207
15   0.003679898492565969
6634   0.003582756098530982
2625   0.003283832181200903
2398   0.002608605520709259
2470   0.002523864400618652
2237   0.0024967234788583516
4191   0.0022678379039980947
7553   0.0021696573538873215
5254   0.002150097480256869
2328   0.0020393474323037067
1186   0.0020356524851316126
1297   0.00194603661689321
4335   0.0019367241941286232
7620   0.0019319267483742194
5412   0.001918910763899858
7632   0.0019076395451731896
4875   0.0018736689206165862
6946   0.001807070736003716
3352   0.0017840002144621824
6832   0.001768077625493175
2654   0.0017670552645287817
762   0.0017422494177730813
737   0.001739605118856132
2066   0.0017158371220746139
8293   0.001705350104619703
3089   0.0017020140796211326
28   0.0016889883154571775
2535   0.001666251165140993
3334   0.001656880074199505
214   0.0016516249525314291
665   0.0016431478346767936
4735   0.0016192611739601092
6774   0.0016148421276265118
7092   0.001601488011336554
2565   0.001551174368040237
5484   0.0015429227969654177
8042   0.0014754601195190995
4310   0.0014618776553998077
1211   0.0014177554232592923
5423   0.001417583098472387
3456   0.0014168284962564684
2657   0.0013652383731700118
5404   0.001363930775904527
5233   0.0013615891548652572
4712   0.0013418133277808067
271   0.0013264318438826282
4828   0.0013005261352061225
5079   0.001299092288348748
4261   0.0012857754169553286
5210   0.0012802637323103506
8163   0.0012619242047324417
6914   0.001260489312659899
3459   0.0012572567795852726
2285   0.0012416796275079227
1549   0.001241555371770202
1842   0.001235296870882478
4666   0.0012118917337074725
993   0.001200424122412494
3084   0.0011834187780423852
3562   0.001178253100648439
1026   0.0011728958222319385
5123   0.001164819959911522
2958   0.0011589922957301168
3537   0.0011443393411446454
3117   0.0011438719866715906
2576   0.001140077678263793
2643   0.0011212603335862084
922   0.001110132512816604
5022   0.0011078686029502116
299   0.0011041871198072834
1855   0.0011015430838480374
3897   0.0010990096291734414
2651   0.001098763665679972
4110   0.0010966154710459535
282   0.0010749378219008549
4600   0.0010704671165411668
1031   0.0010692859766498405
4687   0.0010685042600245545
7699   0.001065316688985355
4536   0.00106445559456662
2871   0.0010640252360655873
2746   0.001063832203816058
3443   0.0010627648680826235
3755   0.001061441267477728
1385   0.0010594110379211082
3568   0.0010517339059510585
5459   0.0010496000042551114
5543   0.001049089794783221
4400   0.001043137008567327
2485   0.0010295955050823266
1633   0.0010172251701286777
7890   0.0010141454196784176
3976   0.0010129415794423312
4256   0.0010116564529191
1726   0.0009964616422450537
3238   0.0009905632807718093
2323   0.0009868333150037257
6784   0.0009820438658769324
3034   0.000979011805578667
