4037  0.004607189717744209
15  0.0036798984925659685
6634  0.0035827560985309793
2625  0.0032838321812009015
2398  0.0026086055207092578
2470  0.002523864400618654
2237  0.002496723478858352
4191  0.0022678379039980955
7553  0.0021696573538873202
5254  0.002150097480256869
2328  0.0020393474323037067
1186  0.0020356524851316135
1297  0.0019460366168932094
4335  0.0019367241941286222
7620  0.0019319267483742188
5412  0.001918910763899857
7632  0.001907639545173189
4875  0.0018736689206165858
6946  0.0018070707360037155
3352  0.0017840002144621817
6832  0.0017680776254931747
2654  0.001767055264528783
762  0.001742249417773082
737  0.00173960511885613
2066  0.0017158371220746113
8293  0.0017053501046197046
3089  0.0017020140796211315
28  0.0016889883154571777
2535  0.001666251165140992
3334  0.0016568800741995045
214  0.0016516249525314287
665  0.0016431478346767944
4735  0.001619261173960109
6774  0.0016148421276265127
7092  0.001601488011336553
2565  0.0015511743680402363
5484  0.001542922796965417
8042  0.0014754601195190989
4310  0.0014618776553998072
1211  0.0014177554232592904
5423  0.0014175830984723863
3456  0.0014168284962564675
2657  0.0013652383731700113
5404  0.0013639307759045264
5233  0.0013615891548652572
4712  0.0013418133277808052
271  0.0013264318438826268
4828  0.0013005261352061215
5079  0.0012990922883487476
4261  0.001285775416955329
5210  0.0012802637323103508
8163  0.00126192420473244
6914  0.0012604893126598985
3459  0.0012572567795852726
2285  0.0012416796275079233
1549  0.0012415553717702009
1842  0.0012352968708824782
4666  0.001211891733707472
993  0.0012004241224124934
3084  0.0011834187780423843
3562  0.0011782531006484386
1026  0.0011728958222319379
5123  0.001164819959911521
2958  0.0011589922957301157
3537  0.0011443393411446445
3117  0.001143871986671591
2576  0.0011400776782637928
2643  0.0011212603335862084
922  0.0011101325128166032
5022  0.0011078686029502112
299  0.001104187119807282
1855  0.0011015430838480374
3897  0.0010990096291734407
2651  0.0010987636656799716
4110  0.0010966154710459531
282  0.0010749378219008538
4600  0.0010704671165411666
1031  0.0010692859766498399
4687  0.0010685042600245547
7699  0.0010653166889853544
4536  0.0010644555945666199
2871  0.0010640252360655876
2746  0.001063832203816058
3443  0.0010627648680826228
3755  0.0010614412674777279
1385  0.0010594110379211082
3568  0.001051733905951058
5459  0.0010496000042551107
5543  0.001049089794783221
4400  0.0010431370085673259
2485  0.001029595505082326
1633  0.0010172251701286768
7890  0.0010141454196784178
3976  0.001012941579442331
4256  0.0010116564529190992
1726  0.0009964616422450526
3238  0.0009905632807718084
2323  0.0009868333150037248
6784  0.0009820438658769322
3034  0.0009790118055786673
